1 , 4, 3 , 6, 4 , 7, 5 , 7, 6 , 8, 3 , 9, 5 , 9, 2 , 10, 3 , 
                      10, 6 , 10, 8 , 10, 9 , 10, 1 , 11, 5 , 11, 1 , 12, 2 , 12, 3 
                      , 12, 4 , 13, 4 , 14, 9 , 14, 1 , 15, 11 , 15, 13 , 15, 2 , 
                      17, 5 , 17, 7 , 17, 10 , 17, 15 , 17, 1 , 18, 2 , 18, 9 , 18, 
                      4 , 19, 13 , 19, 15 , 19, 5 , 20, 15 , 20, 18 , 20, 2 , 21, 15 
                      , 21, 17 , 21, 8 , 22, 15 , 22, 19 , 22, 8 , 23, 12 , 23, 18 
                      , 23, 5 , 24, 6 , 24, 17 , 24, 18 , 24, 19 , 24, 21 , 24, 2 , 
                      25, 4 , 25, 6 , 25, 9 , 25, 12 , 25, 17 , 25, 18 , 25, 19 , 
                      25, 21 , 25, 23 , 25, 24 , 25, 4 , 26, 5 , 26, 6 , 26, 25 , 
                      26, 1 , 27, 3 , 27, 4 , 27, 6 , 27, 8 , 27, 18 , 27, 23 , 27, 
                      2 , 28, 9 , 28, 10 , 28, 13 , 28, 27 , 28, 2 , 29, 14 , 29, 12 
                      , 30, 15 , 30, 19 , 30, 22 , 30, 23 , 30, 3 , 31, 4 , 31, 7 , 
                      31, 14 , 31, 18 , 31, 23 , 31, 4 , 32, 9 , 32, 11 , 32, 12 , 
                      32, 13 , 32, 14 , 32, 15 , 32, 20 , 32, 22 , 32, 28 , 32, 30 , 
                      32, 31 , 32, 5 , 33, 15 , 33, 10 , 34, 23 , 34, 25 , 34, 26 , 
                      34, 30 , 34, 32 , 34, 4 , 35, 16 , 35, 17 , 35, 19 , 35, 22 , 
                      35, 29 , 35, 31 , 35, 32 , 35, 6 , 36, 7 , 36, 11 , 36, 16 , 
                      36, 22 , 36, 33 , 36, 5 , 37, 21 , 37, 28 , 37, 32 , 37, 7 , 
                      38, 21 , 38, 32 , 38, 34 , 38, 1 , 39, 2 , 39, 3 , 39, 5 , 39, 
                      6 , 39, 7 , 39, 9 , 39, 19 , 39, 20 , 39, 29 , 39, 32 , 39, 33 
                      , 39, 36 , 39, 1 , 40, 5 , 40, 7 , 40, 11 , 40, 14 , 40, 15 , 
                      40, 16 , 40, 31 , 40, 38 , 40, 17 , 41, 22 , 41, 27 , 41, 34 , 
                      41, 40 , 41, 1 , 42, 3 , 42, 5 , 42, 6 , 42, 17 , 42, 20 , 42, 
                      31 , 42, 35 , 42, 41 , 42, 4 , 43, 12 , 43, 7 , 44, 8 , 44, 12 
                      , 44, 20 , 44, 27 , 44, 28 , 44, 5 , 45, 6 , 45, 12 , 45, 13 
                      , 45, 16 , 45, 17 , 45, 18 , 45, 33 , 45, 38 , 45, 9 , 46, 18 
                      , 46, 22 , 46, 37 , 46, 39 , 46, 40 , 46, 43 , 46, 1 , 47, 2 
                      , 47, 9 , 47, 11 , 47, 12 , 47, 13 , 47, 14 , 47, 17 , 47, 34 
                      , 47, 37 , 47, 2 , 48, 3 , 48, 5 , 48, 14 , 48, 15 , 48, 16 , 
                      48, 23 , 48, 29 , 48, 32 , 48, 45 , 48, 2 , 49, 6 , 49, 18 , 
                      49, 19 , 49, 21 , 49, 22 , 49, 31 , 49, 33 , 49, 36 , 49, 37 , 
                      49, 39 , 49, 46 , 49, 3 , 50, 12 , 50, 13 , 50, 20 , 50, 43 , 
                      50, 6 , 51, 16 , 51, 18 , 51, 20 , 51, 23 , 51, 24 , 51, 32 , 
                      51, 41 , 51, 42 , 51, 44 , 51, 15 , 52, 21 , 52, 27 , 52, 30 , 
                      52, 32 , 52, 36 , 52, 38 , 52, 43 , 52, 46 , 52, 48 , 52, 49 , 
                      52, 6 , 53, 8 , 53, 15 , 53, 19 , 53, 20 , 53, 38 , 53, 39 , 
                      53, 51 , 53, 52 , 53, 9 , 54, 11 , 54, 20 , 54, 23 , 54, 31 , 
                      54, 33 , 54, 44 , 54, 6 , 55, 7 , 55, 20 , 55, 24 , 55, 25 , 
                      55, 37 , 55, 43 , 55, 46 , 55, 47 , 55, 48 , 55, 54 , 55, 1 , 
                      56, 2 , 56, 3 , 56, 4 , 56, 18 , 56, 25 , 56, 54 , 56, 19 , 
                      57, 22 , 57, 24 , 57, 30 , 57, 36 , 57, 37 , 57, 45 , 57, 51 , 
                      57, 53 , 57, 7 , 58, 13 , 58, 17 , 58, 21 , 58, 22 , 58, 28 , 
                      58, 33 , 58, 35 , 58, 37 , 58, 40 , 58, 42 , 58, 48 , 58, 49 , 
                      58, 50 , 58, 51 , 58, 56 , 58, 10 , 59, 12 , 59, 18 , 59, 23 , 
                      59, 29 , 59, 30 , 59, 31 , 59, 34 , 59, 40 , 59, 42 , 59, 44 , 
                      59, 48 , 59, 49 , 59, 56 , 59, 1 , 60, 9 , 60, 16 , 60, 25 , 
                      60, 26 , 60, 39 , 60, 44 , 60, 49 , 60, 1 , 61, 3 , 61, 18 , 
                      61, 20 , 61, 21 , 61, 25 , 61, 27 , 61, 28 , 61, 29 , 61, 31 , 
                      61, 36 , 61, 37 , 61, 38 , 61, 51 , 61, 53 , 61, 58 , 61, 1 , 
                      62, 10 , 62, 12 , 62, 14 , 62, 19 , 62, 28 , 62, 29 , 62, 31 , 
                      62, 34 , 62, 43 , 62, 44 , 62, 50 , 62, 60 , 62, 61 , 62, 21 , 
                      63, 29 , 63, 32 , 63, 33 , 63, 42 , 63, 43 , 63, 48 , 63, 51 , 
                      63, 59 , 63, 60 , 63, 62 , 63, 1 , 64, 8 , 64, 9 , 64, 11 , 
                      64, 13 , 64, 16 , 64, 18 , 64, 19 , 64, 21 , 64, 23 , 64, 32 , 
                      64, 36 , 64, 38 , 64, 40 , 64, 46 , 64, 52 , 64, 53 , 64, 9 , 
                      65, 12 , 65, 21 , 65, 22 , 65, 24 , 65, 25 , 65, 27 , 65, 36 , 
                      65, 45 , 65, 49 , 65, 50 , 65, 56 , 65, 62 , 65, 63 , 65, 64 , 
                      65, 5 , 66, 10 , 66, 14 , 66, 19 , 66, 20 , 66, 22 , 66, 29 , 
                      66, 34 , 66, 44 , 66, 49 , 66, 50 , 66, 59 , 66, 2 , 67, 3 , 
                      67, 7 , 67, 8 , 67, 18 , 67, 20 , 67, 29 , 67, 33 , 67, 38 , 
                      67, 39 , 67, 44 , 67, 55 , 67, 60 , 67, 64 , 67, 1 , 68, 8 , 
                      68, 13 , 68, 14 , 68, 21 , 68, 24 , 68, 28 , 68, 29 , 68, 30 , 
                      68, 31 , 68, 32 , 68, 35 , 68, 62 , 68, 63 , 68, 1 , 69, 2 , 
                      69, 10 , 69, 13 , 69, 17 , 69, 24 , 69, 32 , 69, 37 , 69, 40 , 
                      69, 43 , 69, 45 , 69, 50 , 69, 52 , 69, 55 , 69, 60 , 69, 61 , 
                      69, 63 , 69, 65 , 69, 66 , 69, 67 , 69, 14 , 70, 16 , 70, 21 , 
                      70, 24 , 70, 25 , 70, 28 , 70, 29 , 70, 44 , 70, 49 , 70, 52 , 
                      70, 55 , 70, 56 , 70, 60 , 70, 63 , 70, 64 , 70, 4 , 71, 16 , 
                      71, 20 , 71, 23 , 71, 24 , 71, 28 , 71, 32 , 71, 33 , 71, 35 , 
                      71, 37 , 71, 38 , 71, 43 , 71, 52 , 71, 62 , 71, 65 , 71, 69 , 
                      71, 70 , 71, 2 , 72, 5 , 72, 6 , 72, 7 , 72, 8 , 72, 9 , 72, 
                      13 , 72, 23 , 72, 29 , 72, 31 , 72, 37 , 72, 38 , 72, 42 , 72, 
                      53 , 72, 56 , 72, 61 , 72, 62 , 72, 65 , 72, 68 , 72, 1 , 73, 
                      2 , 73, 4 , 73, 5 , 73, 17 , 73, 23 , 73, 26 , 73, 32 , 73, 33 
                      , 73, 42 , 73, 57 , 73, 65 , 73, 71 , 73, 7 , 74, 9 , 74, 17 
                      , 74, 23 , 74, 28 , 74, 29 , 74, 35 , 74, 49 , 74, 53 , 74, 55 
                      , 74, 61 , 74, 65 , 74, 71 , 74, 73 , 74, 4 , 75, 6 , 75, 8 , 
                      75, 9 , 75, 18 , 75, 21 , 75, 30 , 75, 43 , 75, 44 , 75, 47 , 
                      75, 55 , 75, 56 , 75, 57 , 75, 60 , 75, 71 , 75, 1 , 76, 5 , 
                      76, 8 , 76, 10 , 76, 11 , 76, 17 , 76, 26 , 76, 33 , 76, 38 , 
                      76, 46 , 76, 49 , 76, 57 , 76, 64 , 76, 65 , 76, 3 , 77, 6 , 
                      77, 13 , 77, 17 , 77, 19 , 77, 26 , 77, 37 , 77, 46 , 77, 62 , 
                      77, 71 , 77, 75 , 77, 6 , 78, 12 , 78, 15 , 78, 17 , 78, 24 , 
                      78, 26 , 78, 27 , 78, 30 , 78, 31 , 78, 35 , 78, 49 , 78, 51 , 
                      78, 64 , 78, 71 , 78, 72 , 78, 73 , 78, 76 , 78, 6 , 79, 8 , 
                      79, 11 , 79, 21 , 79, 25 , 79, 30 , 79, 32 , 79, 39 , 79, 46 , 
                      79, 59 , 79, 63 , 79, 67 , 79, 68 , 79, 77 , 79, 1 , 80, 15 , 
                      80, 24 , 80, 25 , 80, 41 , 80, 44 , 80, 48 , 80, 50 , 80, 52 , 
                      80, 53 , 80, 59 , 80, 66 , 80, 75 , 80, 77 , 80, 78 , 80, 1 , 
                      81, 7 , 81, 11 , 81, 13 , 81, 15 , 81, 16 , 81, 21 , 81, 31 , 
                      81, 35 , 81, 45 , 81, 48 , 81, 50 , 81, 51 , 81, 52 , 81, 60 , 
                      81, 62 , 81, 64 , 81, 66 , 81, 74 , 81, 75 , 81, 77 , 81, 78 , 
                      81, 4 , 82, 6 , 82, 13 , 82, 22 , 82, 24 , 82, 26 , 82, 28 , 
                      82, 43 , 82, 46 , 82, 47 , 82, 57 , 82, 62 , 82, 72 , 82, 73 , 
                      82, 79 , 82, 80 , 82, 1 , 83, 11 , 83, 23 , 83, 25 , 83, 26 , 
                      83, 29 , 83, 30 , 83, 32 , 83, 33 , 83, 34 , 83, 50 , 83, 54 , 
                      83, 55 , 83, 57 , 83, 60 , 83, 72 , 83, 74 , 83, 1 , 84, 7 , 
                      84, 14 , 84, 15 , 84, 24 , 84, 26 , 84, 35 , 84, 41 , 84, 47 , 
                      84, 56 , 84, 61 , 84, 63 , 84, 68 , 84, 77 , 84, 6 , 85, 10 , 
                      85, 11 , 85, 16 , 85, 20 , 85, 21 , 85, 26 , 85, 32 , 85, 36 , 
                      85, 40 , 85, 45 , 85, 65 , 85, 70 , 85, 72 , 85, 79 , 85, 8 , 
                      86, 10 , 86, 24 , 86, 26 , 86, 29 , 86, 36 , 86, 40 , 86, 60 , 
                      86, 65 , 86, 74 , 86, 76 , 86, 78 , 86, 79 , 86, 5 , 87, 6 , 
                      87, 13 , 87, 14 , 87, 15 , 87, 20 , 87, 22 , 87, 29 , 87, 53 , 
                      87, 57 , 87, 66 , 87, 70 , 87, 72 , 87, 73 , 87, 82 , 87, 84 , 
                      87, 8 , 88, 10 , 88, 21 , 88, 29 , 88, 30 , 88, 31 , 88, 34 , 
                      88, 35 , 88, 42 , 88, 46 , 88, 51 , 88, 52 , 88, 55 , 88, 60 , 
                      88, 64 , 88, 67 , 88, 68 , 88, 69 , 88, 75 , 88, 84 , 88, 85 , 
                      88, 7 , 89, 9 , 89, 15 , 89, 25 , 89, 26 , 89, 38 , 89, 40 , 
                      89, 42 , 89, 46 , 89, 59 , 89, 66 , 89, 74 , 89, 78 , 89, 83 , 
                      89, 3 , 90, 13 , 90, 15 , 90, 22 , 90, 23 , 90, 32 , 90, 34 , 
                      90, 44 , 90, 52 , 90, 54 , 90, 80 , 90, 86 , 90, 3 , 91, 6 , 
                      91, 9 , 91, 14 , 91, 17 , 91, 26 , 91, 28 , 91, 29 , 91, 30 , 
                      91, 32 , 91, 37 , 91, 41 , 91, 44 , 91, 48 , 91, 51 , 91, 55 , 
                      91, 56 , 91, 58 , 91, 60 , 91, 62 , 91, 70 , 91, 77 , 91, 82 , 
                      91, 86 , 91, 89 , 91, 90 , 91, 12 , 92, 13 , 92, 47 , 92, 51 , 
                      92, 52 , 92, 59 , 92, 60 , 92, 71 , 92, 74 , 92, 75 , 92, 86 , 
                      92, 4 , 93, 9 , 93, 20 , 93, 27 , 93, 38 , 93, 41 , 93, 44 , 
                      93, 46 , 93, 55 , 93, 63 , 93, 83 , 93, 86 , 93, 89 , 93, 91 , 
                      93, 9 , 94, 10 , 94, 14 , 94, 15 , 94, 21 , 94, 26 , 94, 28 , 
                      94, 31 , 94, 33 , 94, 37 , 94, 38 , 94, 44 , 94, 51 , 94, 53 , 
                      94, 58 , 94, 60 , 94, 62 , 94, 65 , 94, 69 , 94, 76 , 94, 89 , 
                      94, 1 , 95, 7 , 95, 10 , 95, 11 , 95, 13 , 95, 19 , 95, 22 , 
                      95, 25 , 95, 26 , 95, 36 , 95, 52 , 95, 56 , 95, 58 , 95, 59 , 
                      95, 74 , 95, 81 , 95, 82 , 95, 84 , 95, 89 , 95, 7 , 96, 19 , 
                      96, 42 , 96, 49 , 96, 52 , 96, 53 , 96, 56 , 96, 60 , 96, 61 , 
                      96, 62 , 96, 63 , 96, 68 , 96, 73 , 96, 74 , 96, 77 , 96, 79 , 
                      96, 80 , 96, 82 , 96, 83 , 96, 88 , 96, 6 , 97, 7 , 97, 20 , 
                      97, 26 , 97, 39 , 97, 41 , 97, 45 , 97, 47 , 97, 50 , 97, 52 , 
                      97, 53 , 97, 70 , 97, 72 , 97, 76 , 97, 79 , 97, 80 , 97, 81 , 
                      97, 86 , 97, 89 , 97, 91 , 97, 4 , 98, 16 , 98, 25 , 98, 28 , 
                      98, 30 , 98, 42 , 98, 56 , 98, 65 , 98, 70 , 98, 77 , 98, 84 , 
                      98, 85 , 98, 87 , 98, 94 , 98, 95 , 98, 4 , 99, 6 , 99, 9 , 
                      99, 10 , 99, 11 , 99, 13 , 99, 21 , 99, 22 , 99, 26 , 99, 27 , 
                      99, 28 , 99, 34 , 99, 36 , 99, 41 , 99, 48 , 99, 52 , 99, 53 , 
                      99, 66 , 99, 71 , 99, 74 , 99, 78 , 99, 81 , 99, 84 , 99, 89 , 
                      99, 93 , 99, 96 , 99, 7 , 100, 11 , 100, 12 , 100, 13 , 100, 14 
                      , 100, 18 , 100, 24 , 100, 26 , 100, 28 , 100, 34 , 100, 36 , 
                      100, 37 , 100, 49 , 100, 57 , 100, 58 , 100, 60 , 100, 68 , 
                      100, 73 , 100, 75 , 100, 76 , 100, 78 , 100, 81 , 100, 83 , 
                      100, 84 , 100, 89 , 100, 90 , 100, 91 , 100, 94 , 100