1 , 4, 2 , 4, 3 , 4, 3 , 9, 4 , 9, 6 , 9, 8 , 10, 7 , 11, 2 
                      , 12, 4 , 12, 8 , 12, 9 , 12, 11 , 12, 9 , 13, 6 , 15, 10 , 
                      16, 11 , 16, 1 , 17, 10 , 17, 16 , 17, 11 , 19, 13 , 19, 18 , 
                      19, 3 , 20, 6 , 20, 13 , 20, 14 , 20, 15 , 20, 5 , 21, 8 , 21, 
                      16 , 21, 15 , 22, 17 , 22, 18 , 22, 20 , 23, 17 , 24, 22 , 24, 
                      23 , 24, 19 , 25, 21 , 25, 22 , 25, 24 , 25, 1 , 26, 4 , 26, 
                      10 , 26, 13 , 26, 17 , 26, 25 , 26, 3 , 27, 8 , 27, 13 , 27, 
                      14 , 27, 15 , 27, 21 , 27, 26 , 27, 5 , 28, 10 , 28, 18 , 28, 
                      22 , 28, 24 , 28, 4 , 29, 10 , 29, 12 , 29, 16 , 29, 17 , 29, 
                      18 , 29, 24 , 29, 5 , 30, 16 , 30, 21 , 30, 14 , 31, 18 , 31, 
                      19 , 31, 1 , 32, 6 , 32, 8 , 32, 23 , 32, 26 , 32, 29 , 32, 8 
                      , 33, 11 , 33, 25 , 33, 32 , 33, 3 , 34, 6 , 34, 7 , 34, 12 , 
                      34, 17 , 34, 24 , 34, 26 , 34, 31 , 34, 6 , 35, 7 , 35, 8 , 
                      35, 10 , 35, 16 , 35, 24 , 35, 8 , 36, 28 , 36, 3 , 37, 10 , 
                      37, 14 , 37, 21 , 37, 22 , 37, 23 , 37, 32 , 37, 35 , 37, 1 , 
                      38, 11 , 38, 19 , 38, 23 , 38, 26 , 38, 28 , 38, 32 , 38, 34 , 
                      38, 6 , 39, 11 , 39, 20 , 39, 26 , 39, 29 , 39, 34 , 39, 5 , 
                      40, 10 , 40, 13 , 40, 27 , 40, 31 , 40, 34 , 40, 10 , 41, 11 , 
                      41, 31 , 41, 35 , 41, 36 , 41, 1 , 42, 2 , 42, 5 , 42, 6 , 42, 
                      8 , 42, 12 , 42, 16 , 42, 19 , 42, 31 , 42, 33 , 42, 6 , 43, 
                      14 , 43, 20 , 43, 26 , 43, 33 , 43, 39 , 43, 8 , 44, 16 , 44, 
                      19 , 44, 23 , 44, 32 , 44, 4 , 45, 6 , 45, 10 , 45, 12 , 45, 
                      24 , 45, 25 , 45, 27 , 45, 28 , 45, 32 , 45, 39 , 45, 13 , 46, 
                      14 , 46, 19 , 46, 25 , 46, 26 , 46, 27 , 46, 39 , 46, 45 , 46, 
                      2 , 47, 4 , 47, 16 , 47, 22 , 47, 27 , 47, 34 , 47, 9 , 48, 14 
                      , 48, 29 , 48, 31 , 48, 34 , 48, 43 , 48, 47 , 48, 7 , 49, 21 
                      , 49, 24 , 49, 32 , 49, 45 , 49, 3 , 50, 5 , 50, 18 , 50, 25 
                      , 50, 42 , 50, 19 , 51, 20 , 51, 24 , 51, 35 , 51, 40 , 51, 47 
                      , 51, 8 , 52, 13 , 52, 18 , 52, 29 , 52, 32 , 52, 34 , 52, 36 
                      , 52, 39 , 52, 48 , 52, 4 , 53, 8 , 53, 13 , 53, 20 , 53, 27 
                      , 53, 39 , 53, 46 , 53, 8 , 54, 15 , 54, 17 , 54, 25 , 54, 27 
                      , 54, 45 , 54, 50 , 54, 20 , 55, 26 , 55, 29 , 55, 32 , 55, 40 
                      , 55, 53 , 55, 54 , 55, 2 , 56, 20 , 56, 30 , 56, 37 , 56, 42 
                      , 56, 43 , 56, 46 , 56, 11 , 57, 23 , 57, 43 , 57, 44 , 57, 45 
                      , 57, 56 , 57, 14 , 58, 31 , 58, 52 , 58, 52 , 59, 55 , 59, 9 
                      , 60, 13 , 60, 26 , 60, 27 , 60, 30 , 60, 35 , 60, 3 , 61, 8 
                      , 61, 9 , 61, 10 , 61, 13 , 61, 28 , 61, 32 , 61, 33 , 61, 45 
                      , 61, 49 , 61, 52 , 61, 56 , 61, 4 , 62, 13 , 62, 21 , 62, 42 
                      , 62, 51 , 62, 55 , 62, 58 , 62, 61 , 62, 5 , 63, 10 , 63, 20 
                      , 63, 39 , 63, 44 , 63, 49 , 63, 56 , 63, 60 , 63, 2 , 64, 4 
                      , 64, 11 , 64, 15 , 64, 29 , 64, 37 , 64, 38 , 64, 48 , 64, 49 
                      , 64, 53 , 64, 54 , 64, 57 , 64, 59 , 64, 63 , 64, 2 , 65, 12 
                      , 65, 13 , 65, 14 , 65, 15 , 65, 19 , 65, 34 , 65, 37 , 65, 42 
                      , 65, 9 , 66, 12 , 66, 13 , 66, 16 , 66, 33 , 66, 36 , 66, 37 
                      , 66, 1 , 67, 16 , 67, 23 , 67, 30 , 67, 33 , 67, 36 , 67, 45 
                      , 67, 52 , 67, 57 , 67, 5 , 68, 6 , 68, 17 , 68, 27 , 68, 30 
                      , 68, 37 , 68, 41 , 68, 54 , 68, 56 , 68, 58 , 68, 64 , 68, 7 
                      , 69, 8 , 69, 14 , 69, 18 , 69, 30 , 69, 32 , 69, 34 , 69, 35 
                      , 69, 37 , 69, 38 , 69, 47 , 69, 61 , 69, 65 , 69, 1 , 70, 17 
                      , 70, 23 , 70, 38 , 70, 49 , 70, 56 , 70, 1 , 71, 6 , 71, 15 
                      , 71, 17 , 71, 28 , 71, 32 , 71, 36 , 71, 41 , 71, 44 , 71, 53 
                      , 71, 55 , 71, 62 , 71, 68 , 71, 5 , 72, 10 , 72, 11 , 72, 15 
                      , 72, 29 , 72, 32 , 72, 34 , 72, 47 , 72, 49 , 72, 53 , 72, 58 
                      , 72, 68 , 72, 6 , 73, 9 , 73, 16 , 73, 24 , 73, 27 , 73, 37 
                      , 73, 54 , 73, 55 , 73, 60 , 73, 61 , 73, 63 , 73, 4 , 74, 5 
                      , 74, 24 , 74, 32 , 74, 39 , 74, 41 , 74, 47 , 74, 48 , 74, 52 
                      , 74, 54 , 74, 56 , 74, 66 , 74, 4 , 75, 15 , 75, 26 , 75, 50 
                      , 75, 67 , 75, 8 , 76, 9 , 76, 12 , 76, 15 , 76, 21 , 76, 35 
                      , 76, 37 , 76, 39 , 76, 40 , 76, 43 , 76, 51 , 76, 53 , 76, 56 
                      , 76, 67 , 76, 2 , 77, 22 , 77, 38 , 77, 46 , 77, 50 , 77, 64 
                      , 77, 68 , 77, 2 , 78, 4 , 78, 5 , 78, 10 , 78, 11 , 78, 15 , 
                      78, 18 , 78, 22 , 78, 39 , 78, 50 , 78, 63 , 78, 71 , 78, 72 , 
                      78, 74 , 78, 10 , 79, 16 , 79, 20 , 79, 22 , 79, 23 , 79, 49 , 
                      79, 64 , 79, 76 , 79, 5 , 80, 7 , 80, 12 , 80, 15 , 80, 18 , 
                      80, 28 , 80, 30 , 80, 32 , 80, 33 , 80, 41 , 80, 46 , 80, 49 , 
                      80, 52 , 80, 53 , 80, 61 , 80, 67 , 80, 70 , 80, 72 , 80, 74 , 
                      80, 6 , 81, 11 , 81, 12 , 81, 19 , 81, 29 , 81, 31 , 81, 39 , 
                      81, 49 , 81, 63 , 81, 70 , 81, 73 , 81, 74 , 81, 2 , 82, 4 , 
                      82, 11 , 82, 26 , 82, 29 , 82, 33 , 82, 39 , 82, 40 , 82, 47 , 
                      82, 53 , 82, 67 , 82, 79 , 82, 81 , 82, 4 , 83, 6 , 83, 9 , 
                      83, 10 , 83, 13 , 83, 20 , 83, 21 , 83, 26 , 83, 29 , 83, 34 , 
                      83, 41 , 83, 68 , 83, 76 , 83, 80 , 83, 6 , 84, 9 , 84, 15 , 
                      84, 18 , 84, 22 , 84, 27 , 84, 31 , 84, 33 , 84, 59 , 84, 65 , 
                      84, 76 , 84, 6 , 85, 8 , 85, 17 , 85, 20 , 85, 28 , 85, 35 , 
                      85, 40 , 85, 41 , 85, 52 , 85, 55 , 85, 71 , 85, 77 , 85, 83 , 
                      85, 14 , 86, 15 , 86, 16 , 86, 17 , 86, 21 , 86, 22 , 86, 23 , 
                      86, 24 , 86, 32 , 86, 41 , 86, 46 , 86, 47 , 86, 49 , 86, 51 , 
                      86, 54 , 86, 69 , 86, 77 , 86, 83 , 86, 4 , 87, 8 , 87, 13 , 
                      87, 28 , 87, 33 , 87, 48 , 87, 51 , 87, 60 , 87, 63 , 87, 77 , 
                      87, 5 , 88, 6 , 88, 7 , 88, 8 , 88, 10 , 88, 13 , 88, 21 , 88, 
                      29 , 88, 33 , 88, 39 , 88, 51 , 88, 52 , 88, 74 , 88, 78 , 88, 
                      80 , 88, 82 , 88, 86 , 88, 87 , 88, 2 , 89, 5 , 89, 13 , 89, 
                      30 , 89, 31 , 89, 38 , 89, 51 , 89, 52 , 89, 54 , 89, 56 , 89, 
                      78 , 89, 38 , 90, 41 , 90, 54 , 90, 56 , 90, 58 , 90, 82 , 90, 
                      85 , 90, 7 , 91, 11 , 91, 52 , 91, 60 , 91, 63 , 91, 71 , 91, 
                      74 , 91, 77 , 91, 90 , 91, 3 , 92, 6 , 92, 20 , 92, 23 , 92, 
                      36 , 92, 49 , 92, 52 , 92, 54 , 92, 56 , 92, 80 , 92, 82 , 92, 
                      2 , 93, 4 , 93, 12 , 93, 16 , 93, 25 , 93, 27 , 93, 30 , 93, 
                      41 , 93, 45 , 93, 51 , 93, 68 , 93, 69 , 93, 81 , 93, 6 , 94, 
                      7 , 94, 13 , 94, 15 , 94, 21 , 94, 23 , 94, 34 , 94, 39 , 94, 
                      43 , 94, 44 , 94, 47 , 94, 52 , 94, 73 , 94, 77 , 94, 86 , 94, 
                      92 , 94, 3 , 95, 4 , 95, 8 , 95, 13 , 95, 16 , 95, 27 , 95, 31 
                      , 95, 32 , 95, 36 , 95, 38 , 95, 44 , 95, 47 , 95, 63 , 95, 73 
                      , 95, 82 , 95, 83 , 95, 3 , 96, 5 , 96, 8 , 96, 13 , 96, 19 , 
                      96, 24 , 96, 36 , 96, 38 , 96, 43 , 96, 46 , 96, 54 , 96, 81 , 
                      96, 83 , 96, 3 , 97, 7 , 97, 9 , 97, 17 , 97, 21 , 97, 25 , 
                      97, 28 , 97, 29 , 97, 33 , 97, 42 , 97, 49 , 97, 51 , 97, 59 , 
                      97, 66 , 97, 72 , 97, 77 , 97, 7 , 98, 11 , 98, 22 , 98, 23 , 
                      98, 27 , 98, 32 , 98, 55 , 98, 63 , 98, 68 , 98, 74 , 98, 81 , 
                      98, 83 , 98, 94 , 98, 10 , 99, 16 , 99, 25 , 99, 33 , 99, 42 , 
                      99, 47 , 99, 52 , 99, 56 , 99, 59 , 99, 66 , 99, 69 , 99, 71 , 
                      99, 76 , 99, 83 , 99, 4 , 100, 8 , 100, 12 , 100, 15 , 100, 22 
                      , 100, 24 , 100, 26 , 100, 36 , 100, 39 , 100, 41 , 100, 48 , 
                      100, 49 , 100, 52 , 100, 62 , 100, 86 , 100, 88 , 100, 90 , 
                      100, 94 , 100