1 , 2, 1 , 3, 3 , 4, 2 , 5, 1 , 9, 2 , 10, 3 , 10, 9 , 10, 9 
, 11, 1 , 12, 4 , 12, 8 , 12, 10 , 12, 2 , 14, 5 , 14, 8 , 
14, 10 , 14, 1 , 15, 13 , 15, 2 , 16, 5 , 16, 9 , 16, 15 , 16, 
8 , 17, 10 , 17, 16 , 17, 5 , 18, 9 , 18, 2 , 19, 3 , 19, 4 , 
19, 9 , 19, 16 , 19, 3 , 20, 5 , 20, 6 , 20, 12 , 20, 19 , 20, 
3 , 21, 6 , 21, 1 , 22, 2 , 22, 4 , 22, 9 , 22, 12 , 22, 16 , 
22, 1 , 23, 3 , 23, 8 , 23, 15 , 23, 18 , 23, 22 , 23, 8 , 24, 
16 , 24, 18 , 24, 5 , 25, 10 , 25, 16 , 25, 18 , 25, 20 , 25, 
22 , 25, 3 , 26, 9 , 26, 10 , 26, 11 , 26, 18 , 26, 2 , 27, 3 
, 27, 4 , 27, 8 , 27, 19 , 27, 20 , 27, 2 , 28, 3 , 28, 7 , 
28, 16 , 28, 19 , 28, 24 , 28, 25 , 28, 26 , 28, 8 , 29, 11 , 
29, 13 , 29, 16 , 29, 27 , 29, 4 , 30, 8 , 30, 12 , 30, 2 , 
31, 10 , 31, 11 , 31, 12 , 31, 21 , 31, 25 , 31, 29 , 31, 3 , 
32, 4 , 32, 7 , 32, 8 , 32, 9 , 32, 15 , 32, 26 , 32, 31 , 32, 
7 , 33, 14 , 33, 17 , 33, 21 , 33, 2 , 34, 7 , 34, 10 , 34, 13 
, 34, 16 , 34, 22 , 34, 24 , 34, 25 , 34, 28 , 34, 5 , 35, 7 
, 35, 20 , 35, 21 , 35, 30 , 35, 1 , 36, 5 , 36, 7 , 36, 15 , 
36, 16 , 36, 33 , 36, 35 , 36, 3 , 37, 5 , 37, 6 , 37, 17 , 
37, 24 , 37, 25 , 37, 31 , 37, 3 , 38, 15 , 38, 22 , 38, 25 , 
38, 33 , 38, 34 , 38, 1 , 39, 4 , 39, 8 , 39, 9 , 39, 17 , 39, 
23 , 39, 24 , 39, 4 , 40, 14 , 40, 16 , 40, 21 , 40, 23 , 40, 
25 , 40, 31 , 40, 35 , 40, 36 , 40, 38 , 40, 39 , 40, 3 , 41, 
24 , 41, 25 , 41, 28 , 41, 35 , 41, 5 , 42, 15 , 42, 18 , 42, 
21 , 42, 29 , 42, 37 , 42, 1 , 43, 3 , 43, 5 , 43, 11 , 43, 15 
, 43, 18 , 43, 21 , 43, 23 , 43, 28 , 43, 37 , 43, 39 , 43, 40 
, 43, 2 , 44, 5 , 44, 13 , 44, 25 , 44, 27 , 44, 41 , 44, 43 
, 44, 1 , 45, 2 , 45, 5 , 45, 10 , 45, 25 , 45, 28 , 45, 34 , 
45, 38 , 45, 43 , 45, 1 , 46, 2 , 46, 11 , 46, 15 , 46, 17 , 
46, 19 , 46, 24 , 46, 35 , 46, 38 , 46, 39 , 46, 3 , 47, 10 , 
47, 17 , 47, 18 , 47, 43 , 47, 44 , 47, 2 , 48, 6 , 48, 9 , 
48, 24 , 48, 25 , 48, 27 , 48, 32 , 48, 38 , 48, 1 , 49, 4 , 
49, 10 , 49, 11 , 49, 22 , 49, 27 , 49, 28 , 49, 30 , 49, 31 , 
49, 36 , 49, 38 , 49, 39 , 49, 47 , 49, 2 , 50, 3 , 50, 14 , 
50, 22 , 50, 24 , 50, 38 , 50, 43 , 50, 44 , 50, 7 , 51, 9 , 
51, 16 , 51, 24 , 51, 30 , 51, 32 , 51, 34 , 51, 35 , 51, 37 , 
51, 48 , 51, 49 , 51, 7 , 52, 17 , 52, 21 , 52, 23 , 52, 25 , 
52, 35 , 52, 39 , 52, 42 , 52, 45 , 52, 7 , 53, 10 , 53, 13 , 
53, 17 , 53, 25 , 53, 27 , 53, 28 , 53, 31 , 53, 33 , 53, 34 , 
53, 41 , 53, 42 , 53, 45 , 53, 3 , 54, 4 , 54, 9 , 54, 19 , 
54, 27 , 54, 34 , 54, 38 , 54, 39 , 54, 42 , 54, 45 , 54, 53 , 
54, 2 , 55, 3 , 55, 7 , 55, 19 , 55, 23 , 55, 24 , 55, 32 , 
55, 37 , 55, 53 , 55, 54 , 55, 1 , 56, 4 , 56, 5 , 56, 16 , 
56, 19 , 56, 25 , 56, 28 , 56, 32 , 56, 34 , 56, 36 , 56, 40 , 
56, 45 , 56, 46 , 56, 49 , 56, 54 , 56, 55 , 56, 1 , 57, 11 , 
57, 12 , 57, 18 , 57, 19 , 57, 31 , 57, 36 , 57, 37 , 57, 39 , 
57, 44 , 57, 46 , 57, 50 , 57, 4 , 58, 16 , 58, 25 , 58, 28 , 
58, 31 , 58, 39 , 58, 42 , 58, 46 , 58, 57 , 58, 16 , 59, 25 , 
59, 36 , 59, 37 , 59, 42 , 59, 54 , 59, 56 , 59, 6 , 60, 21 , 
60, 24 , 60, 25 , 60, 36 , 60, 40 , 60, 47 , 60, 49 , 60, 50 , 
60, 10 , 61, 13 , 61, 14 , 61, 19 , 61, 34 , 61, 35 , 61, 41 , 
61, 52 , 61, 1 , 62, 2 , 62, 16 , 62, 18 , 62, 30 , 62, 32 , 
62, 38 , 62, 44 , 62, 4 , 63, 10 , 63, 19 , 63, 20 , 63, 22 , 
63, 34 , 63, 38 , 63, 44 , 63, 48 , 63, 53 , 63, 55 , 63, 58 , 
63, 2 , 64, 13 , 64, 14 , 64, 22 , 64, 23 , 64, 26 , 64, 40 , 
64, 43 , 64, 50 , 64, 52 , 64, 60 , 64, 62 , 64, 1 , 65, 9 , 
65, 27 , 65, 29 , 65, 33 , 65, 51 , 65, 53 , 65, 58 , 65, 60 , 
65, 63 , 65, 8 , 66, 10 , 66, 12 , 66, 13 , 66, 22 , 66, 23 , 
66, 38 , 66, 40 , 66, 42 , 66, 45 , 66, 47 , 66, 50 , 66, 52 , 
66, 63 , 66, 5 , 67, 17 , 67, 20 , 67, 24 , 67, 36 , 67, 37 , 
67, 45 , 67, 47 , 67, 62 , 67, 8 , 68, 9 , 68, 10 , 68, 17 , 
68, 19 , 68, 21 , 68, 24 , 68, 26 , 68, 27 , 68, 33 , 68, 49 , 
68, 62 , 68, 63 , 68, 6 , 69, 16 , 69, 17 , 69, 22 , 69, 24 , 
69, 28 , 69, 35 , 69, 40 , 69, 41 , 69, 44 , 69, 59 , 69, 64 , 
69, 67 , 69, 2 , 70, 3 , 70, 8 , 70, 12 , 70, 15 , 70, 29 , 
70, 34 , 70, 40 , 70, 47 , 70, 50 , 70, 52 , 70, 62 , 70, 64 , 
70, 65 , 70, 67 , 70, 4 , 71, 5 , 71, 8 , 71, 18 , 71, 21 , 
71, 26 , 71, 30 , 71, 35 , 71, 36 , 71, 38 , 71, 39 , 71, 43 , 
71, 46 , 71, 48 , 71, 49 , 71, 54 , 71, 60 , 71, 62 , 71, 66 , 
71, 12 , 72, 17 , 72, 18 , 72, 24 , 72, 27 , 72, 28 , 72, 29 , 
72, 32 , 72, 37 , 72, 39 , 72, 41 , 72, 42 , 72, 47 , 72, 49 , 
72, 51 , 72, 54 , 72, 56 , 72, 59 , 72, 66 , 72, 7 , 73, 12 , 
73, 14 , 73, 17 , 73, 19 , 73, 28 , 73, 31 , 73, 41 , 73, 42 , 
73, 47 , 73, 48 , 73, 56 , 73, 65 , 73, 69 , 73, 8 , 74, 11 , 
74, 15 , 74, 16 , 74, 24 , 74, 36 , 74, 38 , 74, 40 , 74, 47 , 
74, 52 , 74, 60 , 74, 61 , 74, 62 , 74, 70 , 74, 1 , 75, 3 , 
75, 9 , 75, 11 , 75, 13 , 75, 15 , 75, 16 , 75, 26 , 75, 41 , 
75, 42 , 75, 43 , 75, 46 , 75, 47 , 75, 48 , 75, 50 , 75, 54 , 
75, 55 , 75, 57 , 75, 58 , 75, 60 , 75, 63 , 75, 65 , 75, 71 , 
75, 73 , 75, 5 , 76, 8 , 76, 12 , 76, 13 , 76, 15 , 76, 18 , 
76, 19 , 76, 35 , 76, 41 , 76, 53 , 76, 56 , 76, 63 , 76, 64 , 
76, 65 , 76, 67 , 76, 71 , 76, 11 , 77, 16 , 77, 21 , 77, 29 , 
77, 33 , 77, 34 , 77, 43 , 77, 45 , 77, 48 , 77, 51 , 77, 56 , 
77, 57 , 77, 59 , 77, 68 , 77, 70 , 77, 12 , 78, 14 , 78, 16 , 
78, 18 , 78, 20 , 78, 21 , 78, 24 , 78, 30 , 78, 35 , 78, 39 , 
78, 45 , 78, 47 , 78, 50 , 78, 52 , 78, 63 , 78, 74 , 78, 2 , 
79, 11 , 79, 14 , 79, 18 , 79, 24 , 79, 26 , 79, 27 , 79, 51 , 
79, 57 , 79, 60 , 79, 65 , 79, 66 , 79, 67 , 79, 77 , 79, 4 , 
80, 5 , 80, 8 , 80, 9 , 80, 18 , 80, 19 , 80, 25 , 80, 29 , 
80, 30 , 80, 31 , 80, 35 , 80, 44 , 80, 46 , 80, 47 , 80, 50 , 
80, 63 , 80, 72 , 80, 74 , 80, 78 , 80, 79 , 80, 1 , 81, 9 , 
81, 15 , 81, 20 , 81, 22 , 81, 34 , 81, 39 , 81, 40 , 81, 42 , 
81, 45 , 81, 46 , 81, 60 , 81, 61 , 81, 71 , 81, 74 , 81, 78 , 
81, 79 , 81, 1 , 82, 6 , 82, 14 , 82, 16 , 82, 36 , 82, 45 , 
82, 47 , 82, 48 , 82, 54 , 82, 65 , 82, 69 , 82, 79 , 82, 81 , 
82, 1 , 83, 4 , 83, 6 , 83, 13 , 83, 14 , 83, 17 , 83, 20 , 
83, 30 , 83, 33 , 83, 35 , 83, 39 , 83, 41 , 83, 46 , 83, 55 , 
83, 57 , 83, 58 , 83, 59 , 83, 61 , 83, 62 , 83, 66 , 83, 76 , 
83, 79 , 83, 80 , 83, 13 , 84, 14 , 84, 18 , 84, 24 , 84, 32 , 
84, 33 , 84, 35 , 84, 38 , 84, 40 , 84, 45 , 84, 47 , 84, 50 , 
84, 61 , 84, 63 , 84, 64 , 84, 68 , 84, 73 , 84, 75 , 84, 78 , 
84, 9 , 85, 17 , 85, 21 , 85, 28 , 85, 30 , 85, 37 , 85, 42 , 
85, 48 , 85, 49 , 85, 60 , 85, 61 , 85, 62 , 85, 65 , 85, 66 , 
85, 68 , 85, 76 , 85, 83 , 85, 1 , 86, 7 , 86, 11 , 86, 12 , 
86, 19 , 86, 25 , 86, 29 , 86, 34 , 86, 36 , 86, 37 , 86, 38 , 
86, 39 , 86, 53 , 86, 54 , 86, 57 , 86, 59 , 86, 63 , 86, 65 , 
86, 76 , 86, 80 , 86, 2 , 87, 8 , 87, 9 , 87, 10 , 87, 12 , 
87, 13 , 87, 16 , 87, 18 , 87, 21 , 87, 24 , 87, 25 , 87, 27 , 
87, 29 , 87, 31 , 87, 32 , 87, 34 , 87, 36 , 87, 48 , 87, 52 , 
87, 55 , 87, 70 , 87, 74 , 87, 78 , 87, 83 , 87, 84 , 87, 8 , 
88, 11 , 88, 13 , 88, 15 , 88, 17 , 88, 22 , 88, 23 , 88, 26 , 
88, 28 , 88, 32 , 88, 36 , 88, 39 , 88, 42 , 88, 50 , 88, 58 , 
88, 60 , 88, 61 , 88, 65 , 88, 69 , 88, 72 , 88, 83 , 88, 86 , 
88, 2 , 89, 3 , 89, 5 , 89, 8 , 89, 9 , 89, 15 , 89, 17 , 89, 
27 , 89, 31 , 89, 33 , 89, 34 , 89, 45 , 89, 46 , 89, 51 , 89, 
54 , 89, 62 , 89, 63 , 89, 67 , 89, 72 , 89, 76 , 89, 80 , 89, 
82 , 89, 87 , 89, 88 , 89, 4 , 90, 5 , 90, 13 , 90, 14 , 90, 
15 , 90, 19 , 90, 20 , 90, 21 , 90, 23 , 90, 26 , 90, 29 , 90, 
31 , 90, 33 , 90, 35 , 90, 40 , 90, 43 , 90, 46 , 90, 49 , 90, 
53 , 90, 58 , 90, 66 , 90, 71 , 90, 72 , 90, 80 , 90, 81 , 90, 
83 , 90, 15 , 91, 21 , 91, 29 , 91, 30 , 91, 33 , 91, 42 , 91, 
43 , 91, 44 , 91, 45 , 91, 51 , 91, 58 , 91, 71 , 91, 74 , 91, 
75 , 91, 86 , 91, 87 , 91, 88 , 91, 89 , 91, 11 , 92, 14 , 92, 
17 , 92, 22 , 92, 26 , 92, 41 , 92, 46 , 92, 49 , 92, 53 , 92, 
57 , 92, 69 , 92, 75 , 92, 1 , 93, 2 , 93, 7 , 93, 16 , 93, 24 
, 93, 28 , 93, 42 , 93, 45 , 93, 50 , 93, 51 , 93, 54 , 93, 64 
, 93, 66 , 93, 79 , 93, 83 , 93, 85 , 93, 90 , 93, 1 , 94, 2 
, 94, 16 , 94, 23 , 94, 33 , 94, 54 , 94, 58 , 94, 59 , 94, 65 
, 94, 78 , 94, 79 , 94, 80 , 94, 86 , 94, 4 , 95, 5 , 95, 7 , 
95, 9 , 95, 18 , 95, 24 , 95, 31 , 95, 36 , 95, 41 , 95, 44 , 
95, 46 , 95, 48 , 95, 49 , 95, 56 , 95, 59 , 95, 62 , 95, 70 , 
95, 71 , 95, 77 , 95, 81 , 95, 82 , 95, 89 , 95, 91 , 95, 93 , 
95, 6 , 96, 8 , 96, 12 , 96, 14 , 96, 22 , 96, 30 , 96, 37 , 
96, 39 , 96, 44 , 96, 47 , 96, 51 , 96, 55 , 96, 56 , 96, 63 , 
96, 64 , 96, 67 , 96, 70 , 96, 75 , 96, 79 , 96, 82 , 96, 85 , 
96, 86 , 96, 6 , 97, 15 , 97, 16 , 97, 17 , 97, 19 , 97, 20 , 
97, 27 , 97, 28 , 97, 31 , 97, 35 , 97, 39 , 97, 40 , 97, 41 , 
97, 45 , 97, 52 , 97, 55 , 97, 60 , 97, 71 , 97, 73 , 97, 10 , 
98, 12 , 98, 14 , 98, 15 , 98, 16 , 98, 25 , 98, 30 , 98, 35 , 
98, 52 , 98, 55 , 98, 58 , 98, 69 , 98, 72 , 98, 80 , 98, 91 , 
98, 5 , 99, 8 , 99, 19 , 99, 22 , 99, 24 , 99, 26 , 99, 32 , 
99, 44 , 99, 51 , 99, 52 , 99, 53 , 99, 54 , 99, 65 , 99, 67 , 
99, 69 , 99, 79 , 99, 85 , 99, 87 , 99, 92 , 99, 17 , 100, 18 
, 100, 20 , 100, 22 , 100, 25 , 100, 35 , 100, 39 , 100, 52 , 
100, 53 , 100, 55 , 100, 57 , 100, 59 , 100, 65 , 100, 90 , 
100, 93 , 100, 94 , 100, 96 , 100, 1 , 101, 10 , 101, 16 , 101, 
22 , 101, 26 , 101, 32 , 101, 35 , 101, 36 , 101, 38 , 101, 40 
, 101, 42 , 101, 60 , 101, 62 , 101, 71 , 101, 87 , 101, 91 , 
101, 94 , 101, 97 , 101, 4 , 102, 9 , 102, 11 , 102, 12 , 102, 
14 , 102, 19 , 102, 20 , 102, 26 , 102, 28 , 102, 29 , 102, 36 
, 102, 39 , 102, 46 , 102, 47 , 102, 49 , 102, 52 , 102, 57 , 
102, 67 , 102, 73 , 102, 79 , 102, 83 , 102, 84 , 102, 86 , 
102, 96 , 102, 101 , 102, 1 , 103, 2 , 103, 7 , 103, 8 , 103, 
10 , 103, 15 , 103, 26 , 103, 27 , 103, 31 , 103, 39 , 103, 42 
, 103, 64 , 103, 68 , 103, 76 , 103, 78 , 103, 92 , 103, 94 , 
103, 1 , 104, 3 , 104, 11 , 104, 14 , 104, 17 , 104, 19 , 104, 
23 , 104, 38 , 104, 47 , 104, 51 , 104, 54 , 104, 56 , 104, 58 
, 104, 75 , 104, 88 , 104, 96 , 104, 100 , 104, 18 , 105, 32 , 
105, 51 , 105, 60 , 105, 69 , 105, 71 , 105, 75 , 105, 76 , 
105, 82 , 105, 83 , 105, 87 , 105, 94 , 105, 96 , 105, 98 , 
105, 1 , 106, 6 , 106, 10 , 106, 15 , 106, 17 , 106, 19 , 106, 
36 , 106, 39 , 106, 43 , 106, 44 , 106, 51 , 106, 52 , 106, 55 
, 106, 67 , 106, 70 , 106, 74 , 106, 86 , 106, 87 , 106, 89 , 
106, 91 , 106, 99 , 106, 100 , 106, 102 , 106, 105 , 106, 13 , 
107, 16 , 107, 25 , 107, 27 , 107, 28 , 107, 33 , 107, 35 , 
107, 38 , 107, 40 , 107, 45 , 107, 62 , 107, 72 , 107, 99 , 
107, 100 , 107, 101 , 107, 104 , 107, 5 , 108, 7 , 108, 21 , 
108, 22 , 108, 34 , 108, 36 , 108, 50 , 108, 58 , 108, 60 , 
108, 62 , 108, 70 , 108, 76 , 108, 82 , 108, 87 , 108, 91 , 
108, 94 , 108, 97 , 108, 98 , 108, 106 , 108, 2 , 109, 4 , 109, 
7 , 109, 9 , 109, 12 , 109, 15 , 109, 16 , 109, 28 , 109, 37 , 
109, 44 , 109, 46 , 109, 49 , 109, 50 , 109, 52 , 109, 61 , 
109, 66 , 109, 67 , 109, 71 , 109, 86 , 109, 90 , 109, 102 , 
109, 103 , 109, 104 , 109, 108 , 109, 9 , 110, 11 , 110, 24 , 
110, 25 , 110, 26 , 110, 32 , 110, 34 , 110, 48 , 110, 51 , 
110, 52 , 110, 60 , 110, 66 , 110, 67 , 110, 79 , 110, 84 , 
110, 95 , 110, 97 , 110, 105 , 110, 6 , 111, 11 , 111, 15 , 
111, 17 , 111, 18 , 111, 20 , 111, 27 , 111, 33 , 111, 43 , 
111, 47 , 111, 49 , 111, 66 , 111, 73 , 111, 81 , 111, 87 , 
111, 88 , 111, 92 , 111, 93 , 111, 96 , 111, 102 , 111, 107 , 
111, 1 , 112, 6 , 112, 10 , 112, 13 , 112, 14 , 112, 15 , 112, 
18 , 112, 31 , 112, 39 , 112, 40 , 112, 45 , 112, 47 , 112, 52 
, 112, 53 , 112, 55 , 112, 56 , 112, 68 , 112, 73 , 112, 79 , 
112, 83 , 112, 86 , 112, 87 , 112, 89 , 112, 96 , 112, 97 , 
112, 104 , 112, 107 , 112, 108 , 112, 111 , 112, 15 , 113, 18 , 
113, 30 , 113, 41 , 113, 46 , 113, 50 , 113, 57 , 113, 59 , 
113, 67 , 113, 69 , 113, 72 , 113, 73 , 113, 75 , 113, 76 , 
113, 83 , 113, 87 , 113, 91 , 113, 93 , 113, 98 , 113, 101 , 
113, 102 , 113, 104 , 113, 5 , 114, 11 , 114, 20 , 114, 21 , 
114, 32 , 114, 37 , 114, 44 , 114, 47 , 114, 50 , 114, 54 , 
114, 63 , 114, 72 , 114, 74 , 114, 85 , 114, 88 , 114, 92 , 
114, 95 , 114, 97 , 114, 2 , 115, 3 , 115, 5 , 115, 8 , 115, 11 
, 115, 15 , 115, 25 , 115, 28 , 115, 36 , 115, 58 , 115, 63 , 
115, 70 , 115, 72 , 115, 78 , 115, 79 , 115, 80 , 115, 91 , 
115, 113 , 115, 3 , 116, 14 , 116, 20 , 116, 22 , 116, 23 , 
116, 35 , 116, 46 , 116, 53 , 116, 69 , 116, 74 , 116, 76 , 
116, 77 , 116, 82 , 116, 99 , 116, 101 , 116, 104 , 116, 107 , 
116, 114 , 116, 2 , 117, 17 , 117, 18 , 117, 30 , 117, 31 , 
117, 32 , 117, 33 , 117, 36 , 117, 42 , 117, 59 , 117, 63 , 
117, 64 , 117, 75 , 117, 91 , 117, 93 , 117, 98 , 117, 99 , 
117, 102 , 117, 111 , 117, 2 , 118, 9 , 118, 11 , 118, 12 , 
118, 15 , 118, 26 , 118, 27 , 118, 28 , 118, 38 , 118, 40 , 
118, 41 , 118, 42 , 118, 43 , 118, 44 , 118, 45 , 118, 47 , 
118, 49 , 118, 51 , 118, 52 , 118, 54 , 118, 58 , 118, 59 , 
118, 62 , 118, 66 , 118, 84 , 118, 85 , 118, 94 , 118, 97 , 
118, 98 , 118, 105 , 118, 106 , 118, 6 , 119, 7 , 119, 14 , 
119, 27 , 119, 29 , 119, 46 , 119, 47 , 119, 52 , 119, 58 , 
119, 65 , 119, 70 , 119, 71 , 119, 74 , 119, 77 , 119, 79 , 
119, 90 , 119, 91 , 119, 94 , 119, 104 , 119, 111 , 119, 114 , 
119, 5 , 120, 14 , 120, 21 , 120, 25 , 120, 42 , 120, 44 , 120, 
46 , 120, 61 , 120, 62 , 120, 63 , 120, 68 , 120, 71 , 120, 91 
, 120, 94 , 120, 95 , 120, 96 , 120, 98 , 120, 102 , 120, 104 
, 120, 113 , 120, 1 , 121, 9 , 121, 11 , 121, 14 , 121, 19 , 
121, 30 , 121, 39 , 121, 44 , 121, 45 , 121, 47 , 121, 68 , 
121, 73 , 121, 75 , 121, 76 , 121, 81 , 121, 83 , 121, 89 , 
121, 91 , 121, 96 , 121, 101 , 121, 111 , 121, 114 , 121, 21 , 
122, 34 , 122, 35 , 122, 37 , 122, 39 , 122, 45 , 122, 46 , 
122, 53 , 122, 54 , 122, 63 , 122, 66 , 122, 67 , 122, 75 , 
122, 76 , 122, 87 , 122, 90 , 122, 91 , 122, 96 , 122, 97 , 
122, 104 , 122, 107 , 122, 108 , 122, 114 , 122, 116 , 122, 121 
, 122, 4 , 123, 6 , 123, 7 , 123, 11 , 123, 22 , 123, 31 , 
123, 45 , 123, 47 , 123, 51 , 123, 54 , 123, 56 , 123, 62 , 
123, 72 , 123, 76 , 123, 89 , 123, 91 , 123, 96 , 123, 99 , 
123, 101 , 123, 106 , 123, 109 , 123, 118 , 123, 120 , 123, 122 
, 123, 1 , 124, 2 , 124, 10 , 124, 16 , 124, 24 , 124, 31 , 
124, 55 , 124, 56 , 124, 67 , 124, 83 , 124, 85 , 124, 97 , 
124, 99 , 124, 103 , 124, 104 , 124, 111 , 124, 113 , 124, 5 , 
125, 17 , 125, 21 , 125, 24 , 125, 32 , 125, 38 , 125, 39 , 
125, 41 , 125, 53 , 125, 59 , 125, 60 , 125, 72 , 125, 76 , 
125, 87 , 125, 89 , 125, 93 , 125, 97 , 125, 99 , 125, 107 , 
125, 110 , 125, 111 , 125, 116 , 125, 119 , 125, 123 , 125, 1 , 
126, 2 , 126, 14 , 126, 17 , 126, 25 , 126, 29 , 126, 30 , 126, 
31 , 126, 37 , 126, 47 , 126, 58 , 126, 93 , 126, 94 , 126, 97 
, 126, 104 , 126, 107 , 126, 125 , 126, 11 , 127, 12 , 127, 20 
, 127, 23 , 127, 25 , 127, 28 , 127, 32 , 127, 33 , 127, 35 , 
127, 39 , 127, 41 , 127, 43 , 127, 44 , 127, 53 , 127, 61 , 
127, 70 , 127, 75 , 127, 77 , 127, 83 , 127, 84 , 127, 86 , 
127, 95 , 127, 105 , 127, 113 , 127, 117 , 127, 122 , 127, 124 
, 127, 1 , 128, 11 , 128, 19 , 128, 24 , 128, 25 , 128, 27 , 
128, 29 , 128, 34 , 128, 36 , 128, 41 , 128, 42 , 128, 51 , 
128, 54 , 128, 66 , 128, 93 , 128, 99 , 128, 105 , 128, 108 , 
128, 123 , 128, 126 , 128, 127 , 128, 2 , 129, 4 , 129, 10 , 
129, 12 , 129, 14 , 129, 16 , 129, 20 , 129, 26 , 129, 31 , 
129, 33 , 129, 38 , 129, 46 , 129, 47 , 129, 52 , 129, 65 , 
129, 68 , 129, 81 , 129, 82 , 129, 83 , 129, 90 , 129, 95 , 
129, 97 , 129, 98 , 129, 103 , 129, 110 , 129, 111 , 129, 113 , 
129, 120 , 129, 126 , 129, 2 , 130, 5 , 130, 12 , 130, 13 , 
130, 14 , 130, 15 , 130, 26 , 130, 32 , 130, 33 , 130, 35 , 
130, 40 , 130, 44 , 130, 48 , 130, 50 , 130, 64 , 130, 65 , 
130, 76 , 130, 78 , 130, 81 , 130, 85 , 130, 96 , 130, 104 , 
130, 111 , 130, 122 , 130, 126 , 130, 4 , 131, 19 , 131, 20 , 
131, 22 , 131, 29 , 131, 39 , 131, 43 , 131, 47 , 131, 49 , 
131, 53 , 131, 55 , 131, 58 , 131, 66 , 131, 69 , 131, 73 , 
131, 91 , 131, 92 , 131, 104 , 131, 114 , 131, 116 , 131, 126 , 
131, 127 , 131, 10 , 132, 11 , 132, 13 , 132, 18 , 132, 19 , 
132, 29 , 132, 33 , 132, 34 , 132, 43 , 132, 50 , 132, 52 , 
132, 53 , 132, 59 , 132, 62 , 132, 63 , 132, 64 , 132, 70 , 
132, 72 , 132, 78 , 132, 81 , 132, 85 , 132, 86 , 132, 91 , 
132, 96 , 132, 105 , 132, 106 , 132, 111 , 132, 112 , 132, 121 
, 132, 124 , 132, 126 , 132, 129 , 132, 2 , 133, 29 , 133, 36 
, 133, 39 , 133, 45 , 133, 48 , 133, 55 , 133, 58 , 133, 62 , 
133, 66 , 133, 71 , 133, 72 , 133, 78 , 133, 91 , 133, 93 , 
133, 95 , 133, 98 , 133, 99 , 133, 101 , 133, 110 , 133, 112 , 
133, 120 , 133, 122 , 133, 126 , 133, 131 , 133, 132 , 133, 10 
, 134, 11 , 134, 13 , 134, 19 , 134, 20 , 134, 29 , 134, 35 , 
134, 36 , 134, 40 , 134, 41 , 134, 43 , 134, 48 , 134, 51 , 
134, 52 , 134, 60 , 134, 84 , 134, 89 , 134, 91 , 134, 94 , 
134, 95 , 134, 100 , 134, 106 , 134, 110 , 134, 111 , 134, 112 
, 134, 113 , 134, 119 , 134, 124 , 134, 131 , 134, 133 , 134, 5 
, 135, 12 , 135, 14 , 135, 15 , 135, 18 , 135, 22 , 135, 24 , 
135, 26 , 135, 29 , 135, 46 , 135, 60 , 135, 62 , 135, 63 , 
135, 64 , 135, 69 , 135, 73 , 135, 81 , 135, 85 , 135, 86 , 
135, 93 , 135, 107 , 135, 116 , 135, 117 , 135, 122 , 135, 127 
, 135, 131 , 135, 133 , 135, 2 , 136, 6 , 136, 15 , 136, 18 , 
136, 19 , 136, 23 , 136, 29 , 136, 39 , 136, 43 , 136, 47 , 
136, 52 , 136, 57 , 136, 62 , 136, 68 , 136, 71 , 136, 73 , 
136, 76 , 136, 77 , 136, 80 , 136, 81 , 136, 83 , 136, 86 , 
136, 87 , 136, 95 , 136, 97 , 136, 103 , 136, 109 , 136, 113 , 
136, 116 , 136, 119 , 136, 124 , 136, 127 , 136, 128 , 136, 131 
, 136, 10 , 137, 15 , 137, 32 , 137, 34 , 137, 40 , 137, 41 , 
137, 45 , 137, 49 , 137, 51 , 137, 56 , 137, 60 , 137, 61 , 
137, 74 , 137, 85 , 137, 99 , 137, 100 , 137, 104 , 137, 116 , 
137, 129 , 137, 130 , 137, 132 , 137, 133 , 137, 5 , 138, 7 , 
138, 9 , 138, 13 , 138, 15 , 138, 17 , 138, 23 , 138, 32 , 138, 
34 , 138, 37 , 138, 44 , 138, 47 , 138, 52 , 138, 53 , 138, 63 
, 138, 64 , 138, 67 , 138, 73 , 138, 76 , 138, 78 , 138, 80 , 
138, 81 , 138, 84 , 138, 85 , 138, 87 , 138, 89 , 138, 94 , 
138, 96 , 138, 100 , 138, 103 , 138, 109 , 138, 113 , 138, 114 
, 138, 122 , 138, 128 , 138, 129 , 138, 132 , 138, 134 , 138, 
136 , 138, 1 , 139, 8 , 139, 14 , 139, 16 , 139, 21 , 139, 34 
, 139, 36 , 139, 46 , 139, 47 , 139, 52 , 139, 58 , 139, 62 , 
139, 71 , 139, 76 , 139, 84 , 139, 92 , 139, 93 , 139, 108 , 
139, 113 , 139, 114 , 139, 124 , 139, 130 , 139, 131 , 139, 134 
, 139, 138 , 139, 20 , 140, 25 , 140, 29 , 140, 31 , 140, 33 , 
140, 36 , 140, 41 , 140, 42 , 140, 57 , 140, 59 , 140, 61 , 
140, 63 , 140, 69 , 140, 74 , 140, 94 , 140, 96 , 140, 97 , 
140, 100 , 140, 101 , 140, 104 , 140, 106 , 140, 112 , 140, 113 
, 140, 115 , 140, 117 , 140, 119 , 140, 121 , 140, 124 , 140, 
126 , 140, 127 , 140, 129 , 140, 132 , 140, 134 , 140, 138 , 
140, 1 , 141, 4 , 141, 8 , 141, 17 , 141, 19 , 141, 25 , 141, 
30 , 141, 33 , 141, 36 , 141, 39 , 141, 42 , 141, 48 , 141, 59 
, 141, 74 , 141, 81 , 141, 82 , 141, 84 , 141, 98 , 141, 105 , 
141, 106 , 141, 107 , 141, 109 , 141, 112 , 141, 115 , 141, 117 
, 141, 124 , 141, 130 , 141, 132 , 141, 136 , 141, 140 , 141, 1 
, 142, 3 , 142, 6 , 142, 23 , 142, 27 , 142, 33 , 142, 38 , 
142, 42 , 142, 52 , 142, 58 , 142, 67 , 142, 72 , 142, 77 , 
142, 78 , 142, 82 , 142, 84 , 142, 87 , 142, 94 , 142, 95 , 
142, 96 , 142, 97 , 142, 103 , 142, 115 , 142, 116 , 142, 122 , 
142, 130 , 142, 135 , 142, 2 , 143, 6 , 143, 10 , 143, 16 , 
143, 20 , 143, 23 , 143, 24 , 143, 25 , 143, 30 , 143, 52 , 
143, 57 , 143, 61 , 143, 62 , 143, 78 , 143, 87 , 143, 94 , 
143, 96 , 143, 106 , 143, 110 , 143, 125 , 143, 132 , 143, 133 
, 143, 137 , 143, 138 , 143, 140 , 143, 1 , 144, 10 , 144, 12 
, 144, 16 , 144, 21 , 144, 22 , 144, 29 , 144, 31 , 144, 39 , 
144, 43 , 144, 51 , 144, 53 , 144, 55 , 144, 57 , 144, 58 , 
144, 62 , 144, 74 , 144, 76 , 144, 80 , 144, 88 , 144, 93 , 
144, 95 , 144, 103 , 144, 104 , 144, 109 , 144, 111 , 144, 117 
, 144, 118 , 144, 121 , 144, 134 , 144, 2 , 145, 4 , 145, 30 , 
145, 37 , 145, 51 , 145, 61 , 145, 63 , 145, 66 , 145, 70 , 
145, 75 , 145, 77 , 145, 81 , 145, 84 , 145, 91 , 145, 95 , 
145, 104 , 145, 109 , 145, 117 , 145, 129 , 145, 130 , 145, 132 
, 145, 136 , 145, 140 , 145, 142 , 145, 6 , 146, 8 , 146, 9 , 
146, 11 , 146, 13 , 146, 19 , 146, 32 , 146, 42 , 146, 44 , 
146, 66 , 146, 68 , 146, 71 , 146, 75 , 146, 85 , 146, 109 , 
146, 121 , 146, 128 , 146, 130 , 146, 134 , 146, 135 , 146, 139 
, 146, 3 , 147, 5 , 147, 9 , 147, 25 , 147, 39 , 147, 41 , 
147, 47 , 147, 49 , 147, 54 , 147, 65 , 147, 69 , 147, 78 , 
147, 80 , 147, 101 , 147, 102 , 147, 109 , 147, 110 , 147, 117 
, 147, 126 , 147, 129 , 147, 130 , 147, 139 , 147, 144 , 147, 1 
, 148, 3 , 148, 4 , 148, 21 , 148, 27 , 148, 32 , 148, 38 , 
148, 44 , 148, 45 , 148, 48 , 148, 57 , 148, 59 , 148, 70 , 
148, 75 , 148, 78 , 148, 82 , 148, 85 , 148, 90 , 148, 96 , 
148, 97 , 148, 100 , 148, 101 , 148, 105 , 148, 109 , 148, 111 
, 148, 112 , 148, 124 , 148, 126 , 148, 131 , 148, 137 , 148, 
138 , 148, 142 , 148, 2 , 149, 4 , 149, 6 , 149, 8 , 149, 21 , 
149, 23 , 149, 25 , 149, 36 , 149, 40 , 149, 46 , 149, 51 , 
149, 61 , 149, 72 , 149, 75 , 149, 79 , 149, 80 , 149, 87 , 
149, 93 , 149, 96 , 149, 97 , 149, 106 , 149, 113 , 149, 124 , 
149, 126 , 149, 134 , 149, 139 , 149, 148 , 149, 12 , 150, 14 , 
150, 19 , 150, 20 , 150, 23 , 150, 25 , 150, 26 , 150, 27 , 
150, 32 , 150, 37 , 150, 49 , 150, 51 , 150, 52 , 150, 54 , 
150, 56 , 150, 60 , 150, 61 , 150, 65 , 150, 66 , 150, 70 , 
150, 72 , 150, 79 , 150, 83 , 150, 84 , 150, 94 , 150, 101 , 
150, 108 , 150, 109 , 150, 118 , 150, 121 , 150, 126 , 150, 127 
, 150, 134 , 150, 139 , 150, 146 , 150, 148 , 150, 6 , 151, 13 
, 151, 17 , 151, 19 , 151, 20 , 151, 25 , 151, 26 , 151, 30 , 
151, 31 , 151, 33 , 151, 53 , 151, 55 , 151, 62 , 151, 73 , 
151, 82 , 151, 104 , 151, 107 , 151, 111 , 151, 113 , 151, 115 
, 151, 134 , 151, 140 , 151, 142 , 151, 145 , 151, 148 , 151, 
149 , 151, 150 , 151, 1 , 152, 6 , 152, 8 , 152, 12 , 152, 14 
, 152, 16 , 152, 25 , 152, 34 , 152, 36 , 152, 38 , 152, 39 , 
152, 40 , 152, 46 , 152, 48 , 152, 49 , 152, 53 , 152, 54 , 
152, 55 , 152, 58 , 152, 69 , 152, 71 , 152, 74 , 152, 76 , 
152, 92 , 152, 96 , 152, 100 , 152, 110 , 152, 112 , 152, 119 , 
152, 126 , 152, 136 , 152, 138 , 152, 143 , 152, 146 , 152, 147 
, 152, 1 , 153, 5 , 153, 9 , 153, 14 , 153, 23 , 153, 24 , 
153, 25 , 153, 32 , 153, 49 , 153, 60 , 153, 64 , 153, 74 , 
153, 75 , 153, 80 , 153, 83 , 153, 90 , 153, 91 , 153, 107 , 
153, 108 , 153, 115 , 153, 117 , 153, 124 , 153, 128 , 153, 132 
, 153, 134 , 153, 135 , 153, 139 , 153, 141 , 153, 146 , 153, 
151 , 153, 7 , 154, 10 , 154, 27 , 154, 35 , 154, 36 , 154, 37 
, 154, 42 , 154, 55 , 154, 58 , 154, 64 , 154, 72 , 154, 73 , 
154, 74 , 154, 92 , 154, 99 , 154, 126 , 154, 128 , 154, 130 , 
154, 131 , 154, 134 , 154, 135 , 154, 139 , 154, 7 , 155, 14 , 
155, 17 , 155, 18 , 155, 19 , 155, 24 , 155, 27 , 155, 33 , 
155, 34 , 155, 43 , 155, 44 , 155, 47 , 155, 51 , 155, 52 , 
155, 53 , 155, 55 , 155, 67 , 155, 70 , 155, 80 , 155, 92 , 
155, 94 , 155, 98 , 155, 99 , 155, 101 , 155, 102 , 155, 103 , 
155, 104 , 155, 105 , 155, 106 , 155, 107 , 155, 121 , 155, 126 
, 155, 140 , 155, 141 , 155, 142 , 155, 145 , 155, 11 , 156, 13 
, 156, 19 , 156, 34 , 156, 41 , 156, 42 , 156, 47 , 156, 51 , 
156, 54 , 156, 64 , 156, 78 , 156, 79 , 156, 82 , 156, 84 , 
156, 96 , 156, 98 , 156, 107 , 156, 110 , 156, 123 , 156, 136 , 
156, 137 , 156, 138 , 156, 140 , 156, 143 , 156, 147 , 156, 152 
, 156, 153 , 156, 1 , 157, 5 , 157, 13 , 157, 16 , 157, 19 , 
157, 20 , 157, 37 , 157, 58 , 157, 64 , 157, 70 , 157, 71 , 
157, 75 , 157, 80 , 157, 90 , 157, 91 , 157, 93 , 157, 99 , 
157, 106 , 157, 113 , 157, 121 , 157, 122 , 157, 124 , 157, 126 
, 157, 130 , 157, 133 , 157, 138 , 157, 141 , 157, 145 , 157, 
146 , 157, 148 , 157, 150 , 157, 155 , 157, 1 , 158, 2 , 158, 3 
, 158, 4 , 158, 8 , 158, 9 , 158, 10 , 158, 14 , 158, 16 , 
158, 21 , 158, 23 , 158, 25 , 158, 41 , 158, 44 , 158, 46 , 
158, 49 , 158, 60 , 158, 63 , 158, 77 , 158, 98 , 158, 103 , 
158, 105 , 158, 113 , 158, 115 , 158, 118 , 158, 123 , 158, 137 
, 158, 143 , 158, 145 , 158, 154 , 158, 155 , 158, 156 , 158, 7 
, 159, 12 , 159, 13 , 159, 15 , 159, 19 , 159, 21 , 159, 24 , 
159, 31 , 159, 39 , 159, 44 , 159, 46 , 159, 47 , 159, 51 , 
159, 59 , 159, 74 , 159, 79 , 159, 81 , 159, 82 , 159, 83 , 
159, 98 , 159, 99 , 159, 100 , 159, 106 , 159, 109 , 159, 112 , 
159, 116 , 159, 123 , 159, 124 , 159, 132 , 159, 134 , 159, 135 
, 159, 143 , 159, 144 , 159, 145 , 159, 147 , 159, 149 , 159, 
151 , 159, 153 , 159, 157 , 159, 9 , 160, 14 , 160, 19 , 160, 
21 , 160, 29 , 160, 31 , 160, 38 , 160, 41 , 160, 45 , 160, 48 
, 160, 49 , 160, 51 , 160, 55 , 160, 56 , 160, 58 , 160, 65 , 
160, 66 , 160, 72 , 160, 76 , 160, 80 , 160, 81 , 160, 83 , 
160, 87 , 160, 88 , 160, 89 , 160, 91 , 160, 96 , 160, 97 , 
160, 100 , 160, 101 , 160, 111 , 160, 118 , 160, 128 , 160, 129 
, 160, 130 , 160, 131 , 160, 132 , 160, 135 , 160, 136 , 160, 
151 , 160, 154 , 160, 155 , 160, 1 , 161, 10 , 161, 18 , 161, 
21 , 161, 39 , 161, 44 , 161, 45 , 161, 54 , 161, 58 , 161, 60 
, 161, 61 , 161, 65 , 161, 66 , 161, 67 , 161, 73 , 161, 74 , 
161, 87 , 161, 89 , 161, 90 , 161, 101 , 161, 108 , 161, 114 , 
161, 115 , 161, 119 , 161, 124 , 161, 126 , 161, 132 , 161, 135 
, 161, 138 , 161, 143 , 161, 148 , 161, 150 , 161, 151 , 161, 
153 , 161, 156 , 161, 159 , 161, 160 , 161, 18 , 162, 19 , 162, 
21 , 162, 26 , 162, 30 , 162, 32 , 162, 34 , 162, 37 , 162, 45 
, 162, 47 , 162, 62 , 162, 86 , 162, 88 , 162, 101 , 162, 115 
, 162, 116 , 162, 122 , 162, 125 , 162, 130 , 162, 131 , 162, 
138 , 162, 141 , 162, 143 , 162, 144 , 162, 145 , 162, 157 , 
162, 158 , 162, 2 , 163, 9 , 163, 14 , 163, 16 , 163, 23 , 163, 
27 , 163, 33 , 163, 34 , 163, 42 , 163, 43 , 163, 55 , 163, 56 
, 163, 62 , 163, 66 , 163, 68 , 163, 74 , 163, 75 , 163, 79 , 
163, 90 , 163, 93 , 163, 98 , 163, 102 , 163, 103 , 163, 109 , 
163, 112 , 163, 117 , 163, 127 , 163, 136 , 163, 145 , 163, 158 
, 163, 159 , 163, 8 , 164, 15 , 164, 16 , 164, 19 , 164, 20 , 
164, 27 , 164, 28 , 164, 29 , 164, 34 , 164, 37 , 164, 48 , 
164, 50 , 164, 53 , 164, 56 , 164, 64 , 164, 69 , 164, 71 , 
164, 72 , 164, 73 , 164, 75 , 164, 78 , 164, 90 , 164, 92 , 
164, 95 , 164, 100 , 164, 103 , 164, 108 , 164, 124 , 164, 133 
, 164, 135 , 164, 139 , 164, 140 , 164, 150 , 164, 160 , 164, 1 
, 165, 3 , 165, 5 , 165, 9 , 165, 12 , 165, 18 , 165, 23 , 
165, 28 , 165, 29 , 165, 31 , 165, 36 , 165, 41 , 165, 46 , 
165, 50 , 165, 51 , 165, 56 , 165, 62 , 165, 63 , 165, 67 , 
165, 72 , 165, 73 , 165, 75 , 165, 78 , 165, 79 , 165, 84 , 
165, 89 , 165, 90 , 165, 95 , 165, 109 , 165, 110 , 165, 118 , 
165, 123 , 165, 128 , 165, 135 , 165, 139 , 165, 144 , 165, 145 
, 165, 151 , 165, 153 , 165, 155 , 165, 157 , 165, 164 , 165, 5 
, 166, 7 , 166, 15 , 166, 16 , 166, 24 , 166, 29 , 166, 30 , 
166, 35 , 166, 36 , 166, 37 , 166, 38 , 166, 41 , 166, 44 , 
166, 46 , 166, 48 , 166, 58 , 166, 60 , 166, 63 , 166, 71 , 
166, 75 , 166, 78 , 166, 84 , 166, 94 , 166, 96 , 166, 98 , 
166, 104 , 166, 112 , 166, 117 , 166, 119 , 166, 123 , 166, 125 
, 166, 134 , 166, 135 , 166, 136 , 166, 140 , 166, 143 , 166, 
147 , 166, 13 , 167, 19 , 167, 22 , 167, 24 , 167, 25 , 167, 35 
, 167, 38 , 167, 42 , 167, 53 , 167, 65 , 167, 69 , 167, 70 , 
167, 71 , 167, 80 , 167, 82 , 167, 84 , 167, 93 , 167, 100 , 
167, 105 , 167, 112 , 167, 113 , 167, 117 , 167, 126 , 167, 134 
, 167, 142 , 167, 145 , 167, 146 , 167, 148 , 167, 157 , 167, 
161 , 167, 166 , 167, 4 , 168, 5 , 168, 8 , 168, 18 , 168, 28 
, 168, 38 , 168, 54 , 168, 58 , 168, 62 , 168, 75 , 168, 77 , 
168, 81 , 168, 83 , 168, 102 , 168, 114 , 168, 115 , 168, 121 , 
168, 126 , 168, 138 , 168, 140 , 168, 141 , 168, 145 , 168, 152 
, 168, 161 , 168, 167 , 168, 3 , 169, 6 , 169, 9 , 169, 14 , 
169, 17 , 169, 18 , 169, 23 , 169, 33 , 169, 38 , 169, 39 , 
169, 41 , 169, 50 , 169, 53 , 169, 55 , 169, 59 , 169, 60 , 
169, 68 , 169, 70 , 169, 71 , 169, 72 , 169, 75 , 169, 76 , 
169, 77 , 169, 94 , 169, 99 , 169, 106 , 169, 114 , 169, 117 , 
169, 125 , 169, 126 , 169, 129 , 169, 131 , 169, 132 , 169, 137 
, 169, 142 , 169, 143 , 169, 153 , 169, 159 , 169, 162 , 169, 5 
, 170, 6 , 170, 8 , 170, 20 , 170, 23 , 170, 25 , 170, 30 , 
170, 31 , 170, 46 , 170, 48 , 170, 49 , 170, 54 , 170, 55 , 
170, 67 , 170, 68 , 170, 73 , 170, 75 , 170, 76 , 170, 84 , 
170, 85 , 170, 88 , 170, 93 , 170, 95 , 170, 108 , 170, 109 , 
170, 110 , 170, 112 , 170, 129 , 170, 131 , 170, 134 , 170, 143 
, 170, 146 , 170, 147 , 170, 151 , 170, 157 , 170, 166 , 170, 1 
, 171, 11 , 171, 17 , 171, 28 , 171, 29 , 171, 35 , 171, 49 , 
171, 52 , 171, 56 , 171, 59 , 171, 61 , 171, 62 , 171, 69 , 
171, 71 , 171, 79 , 171, 80 , 171, 87 , 171, 88 , 171, 93 , 
171, 95 , 171, 99 , 171, 102 , 171, 115 , 171, 119 , 171, 121 , 
171, 130 , 171, 131 , 171, 137 , 171, 141 , 171, 143 , 171, 147 
, 171, 148 , 171, 149 , 171, 156 , 171, 158 , 171, 160 , 171, 
162 , 171, 169 , 171, 2 , 172, 11 , 172, 15 , 172, 18 , 172, 21 
, 172, 22 , 172, 23 , 172, 26 , 172, 27 , 172, 28 , 172, 30 , 
172, 34 , 172, 37 , 172, 53 , 172, 56 , 172, 58 , 172, 73 , 
172, 74 , 172, 81 , 172, 92 , 172, 95 , 172, 97 , 172, 111 , 
172, 119 , 172, 126 , 172, 139 , 172, 140 , 172, 146 , 172, 147 
, 172, 17 , 173, 35 , 173, 37 , 173, 38 , 173, 43 , 173, 44 , 
173, 47 , 173, 49 , 173, 51 , 173, 53 , 173, 57 , 173, 61 , 
173, 69 , 173, 73 , 173, 74 , 173, 77 , 173, 82 , 173, 83 , 
173, 91 , 173, 98 , 173, 108 , 173, 117 , 173, 130 , 173, 136 , 
173, 142 , 173, 144 , 173, 153 , 173, 161 , 173, 165 , 173, 167 
, 173, 171 , 173, 8 , 174, 13 , 174, 34 , 174, 45 , 174, 46 , 
174, 48 , 174, 53 , 174, 55 , 174, 62 , 174, 65 , 174, 73 , 
174, 78 , 174, 86 , 174, 90 , 174, 93 , 174, 97 , 174, 99 , 
174, 102 , 174, 103 , 174, 107 , 174, 109 , 174, 111 , 174, 113 
, 174, 115 , 174, 125 , 174, 129 , 174, 136 , 174, 139 , 174, 
155 , 174, 160 , 174, 165 , 174, 167 , 174, 1 , 175, 4 , 175, 8 
, 175, 12 , 175, 20 , 175, 24 , 175, 28 , 175, 32 , 175, 46 , 
175, 60 , 175, 63 , 175, 69 , 175, 70 , 175, 74 , 175, 77 , 
175, 91 , 175, 108 , 175, 121 , 175, 122 , 175, 127 , 175, 128 
, 175, 136 , 175, 139 , 175, 146 , 175, 152 , 175, 153 , 175, 
159 , 175, 164 , 175, 7 , 176, 8 , 176, 13 , 176, 15 , 176, 17 
, 176, 18 , 176, 20 , 176, 21 , 176, 31 , 176, 35 , 176, 41 , 
176, 44 , 176, 48 , 176, 51 , 176, 53 , 176, 56 , 176, 65 , 
176, 71 , 176, 76 , 176, 83 , 176, 86 , 176, 88 , 176, 90 , 
176, 95 , 176, 98 , 176, 100 , 176, 102 , 176, 108 , 176, 111 , 
176, 114 , 176, 118 , 176, 120 , 176, 126 , 176, 127 , 176, 129 
, 176, 132 , 176, 134 , 176, 138 , 176, 140 , 176, 142 , 176, 
146 , 176, 155 , 176, 159 , 176, 1 , 177, 3 , 177, 14 , 177, 16 
, 177, 21 , 177, 22 , 177, 23 , 177, 26 , 177, 30 , 177, 33 , 
177, 50 , 177, 64 , 177, 67 , 177, 76 , 177, 105 , 177, 115 , 
177, 130 , 177, 135 , 177, 137 , 177, 138 , 177, 141 , 177, 142 
, 177, 156 , 177, 162 , 177, 167 , 177, 175 , 177, 2 , 178, 6 
, 178, 9 , 178, 15 , 178, 24 , 178, 27 , 178, 29 , 178, 32 , 
178, 39 , 178, 43 , 178, 45 , 178, 48 , 178, 51 , 178, 53 , 
178, 54 , 178, 58 , 178, 60 , 178, 64 , 178, 69 , 178, 77 , 
178, 82 , 178, 84 , 178, 86 , 178, 93 , 178, 98 , 178, 99 , 
178, 113 , 178, 114 , 178, 117 , 178, 119 , 178, 120 , 178, 124 
, 178, 138 , 178, 156 , 178, 167 , 178, 173 , 178, 176 , 178, 1 
, 179, 5 , 179, 6 , 179, 9 , 179, 15 , 179, 22 , 179, 32 , 
179, 42 , 179, 44 , 179, 46 , 179, 48 , 179, 49 , 179, 54 , 
179, 58 , 179, 61 , 179, 66 , 179, 68 , 179, 80 , 179, 90 , 
179, 98 , 179, 116 , 179, 122 , 179, 126 , 179, 129 , 179, 139 
, 179, 150 , 179, 155 , 179, 158 , 179, 159 , 179, 163 , 179, 
168 , 179, 169 , 179, 175 , 179, 176 , 179, 178 , 179, 3 , 180, 
4 , 180, 13 , 180, 20 , 180, 25 , 180, 33 , 180, 35 , 180, 36 
, 180, 37 , 180, 38 , 180, 42 , 180, 45 , 180, 46 , 180, 47 , 
180, 55 , 180, 59 , 180, 78 , 180, 87 , 180, 104 , 180, 107 , 
180, 111 , 180, 123 , 180, 125 , 180, 128 , 180, 129 , 180, 135 
, 180, 147 , 180, 156 , 180, 163 , 180, 166 , 180, 168 , 180, 
173 , 180, 177 , 180, 8 , 181, 17 , 181, 44 , 181, 50 , 181, 53 
, 181, 69 , 181, 74 , 181, 76 , 181, 77 , 181, 81 , 181, 82 , 
181, 92 , 181, 97 , 181, 103 , 181, 111 , 181, 113 , 181, 115 , 
181, 117 , 181, 120 , 181, 137 , 181, 139 , 181, 140 , 181, 144 
, 181, 147 , 181, 148 , 181, 150 , 181, 156 , 181, 163 , 181, 
166 , 181, 168 , 181, 169 , 181, 172 , 181, 173 , 181, 180 , 
181, 1 , 182, 7 , 182, 9 , 182, 15 , 182, 20 , 182, 22 , 182, 
23 , 182, 30 , 182, 31 , 182, 35 , 182, 39 , 182, 41 , 182, 47 
, 182, 58 , 182, 63 , 182, 78 , 182, 83 , 182, 88 , 182, 104 , 
182, 110 , 182, 111 , 182, 123 , 182, 137 , 182, 139 , 182, 160 
, 182, 162 , 182, 164 , 182, 165 , 182, 167 , 182, 169 , 182, 
171 , 182, 175 , 182, 177 , 182, 179 , 182, 181 , 182, 1 , 183, 
6 , 183, 8 , 183, 25 , 183, 28 , 183, 29 , 183, 32 , 183, 33 , 
183, 37 , 183, 43 , 183, 44 , 183, 45 , 183, 48 , 183, 49 , 
183, 62 , 183, 63 , 183, 72 , 183, 75 , 183, 81 , 183, 93 , 
183, 103 , 183, 104 , 183, 106 , 183, 108 , 183, 111 , 183, 112 
, 183, 115 , 183, 116 , 183, 118 , 183, 119 , 183, 122 , 183, 
127 , 183, 128 , 183, 131 , 183, 132 , 183, 136 , 183, 137 , 
183, 140 , 183, 144 , 183, 146 , 183, 150 , 183, 151 , 183, 157 
, 183, 165 , 183, 167 , 183, 169 , 183, 173 , 183, 176 , 183, 3 
, 184, 9 , 184, 16 , 184, 17 , 184, 22 , 184, 25 , 184, 31 , 
184, 39 , 184, 45 , 184, 48 , 184, 53 , 184, 56 , 184, 60 , 
184, 61 , 184, 63 , 184, 64 , 184, 66 , 184, 69 , 184, 74 , 
184, 75 , 184, 76 , 184, 84 , 184, 85 , 184, 89 , 184, 93 , 
184, 98 , 184, 101 , 184, 105 , 184, 108 , 184, 111 , 184, 114 
, 184, 116 , 184, 117 , 184, 123 , 184, 137 , 184, 145 , 184, 
155 , 184, 156 , 184, 157 , 184, 161 , 184, 171 , 184, 172 , 
184, 176 , 184, 177 , 184, 179 , 184, 3 , 185, 7 , 185, 15 , 
185, 19 , 185, 20 , 185, 24 , 185, 25 , 185, 27 , 185, 30 , 
185, 33 , 185, 39 , 185, 40 , 185, 43 , 185, 55 , 185, 72 , 
185, 73 , 185, 84 , 185, 93 , 185, 108 , 185, 114 , 185, 115 , 
185, 116 , 185, 118 , 185, 119 , 185, 120 , 185, 122 , 185, 123 
, 185, 130 , 185, 136 , 185, 138 , 185, 140 , 185, 141 , 185, 
143 , 185, 144 , 185, 154 , 185, 161 , 185, 166 , 185, 180 , 
185, 181 , 185, 1 , 186, 3 , 186, 7 , 186, 12 , 186, 13 , 186, 
18 , 186, 30 , 186, 31 , 186, 34 , 186, 35 , 186, 38 , 186, 40 
, 186, 45 , 186, 47 , 186, 49 , 186, 54 , 186, 56 , 186, 59 , 
186, 63 , 186, 69 , 186, 70 , 186, 74 , 186, 75 , 186, 76 , 
186, 78 , 186, 84 , 186, 90 , 186, 108 , 186, 113 , 186, 116 , 
186, 118 , 186, 123 , 186, 131 , 186, 132 , 186, 134 , 186, 138 
, 186, 142 , 186, 143 , 186, 148 , 186, 153 , 186, 157 , 186, 
166 , 186, 173 , 186, 174 , 186, 177 , 186, 178 , 186, 182 , 
186, 183 , 186, 8 , 187, 10 , 187, 21 , 187, 26 , 187, 29 , 
187, 30 , 187, 31 , 187, 38 , 187, 42 , 187, 44 , 187, 46 , 
187, 48 , 187, 55 , 187, 58 , 187, 59 , 187, 62 , 187, 68 , 
187, 70 , 187, 74 , 187, 79 , 187, 99 , 187, 102 , 187, 104 , 
187, 111 , 187, 126 , 187, 133 , 187, 137 , 187, 149 , 187, 153 
, 187, 160 , 187, 161 , 187, 165 , 187, 168 , 187, 172 , 187, 
186 , 187, 3 , 188, 8 , 188, 11 , 188, 13 , 188, 23 , 188, 34 
, 188, 35 , 188, 37 , 188, 39 , 188, 41 , 188, 55 , 188, 56 , 
188, 70 , 188, 74 , 188, 85 , 188, 86 , 188, 88 , 188, 91 , 
188, 97 , 188, 98 , 188, 108 , 188, 110 , 188, 111 , 188, 116 , 
188, 119 , 188, 128 , 188, 131 , 188, 138 , 188, 143 , 188, 150 
, 188, 151 , 188, 164 , 188, 166 , 188, 167 , 188, 170 , 188, 
177 , 188, 7 , 189, 12 , 189, 18 , 189, 24 , 189, 25 , 189, 30 
, 189, 43 , 189, 46 , 189, 47 , 189, 50 , 189, 63 , 189, 67 , 
189, 69 , 189, 71 , 189, 72 , 189, 74 , 189, 81 , 189, 84 , 
189, 92 , 189, 93 , 189, 96 , 189, 104 , 189, 116 , 189, 121 , 
189, 122 , 189, 125 , 189, 144 , 189, 146 , 189, 151 , 189, 152 
, 189, 157 , 189, 161 , 189, 164 , 189, 173 , 189, 187 , 189, 2 
, 190, 3 , 190, 13 , 190, 15 , 190, 17 , 190, 25 , 190, 28 , 
190, 29 , 190, 31 , 190, 33 , 190, 39 , 190, 55 , 190, 60 , 
190, 62 , 190, 67 , 190, 73 , 190, 79 , 190, 81 , 190, 85 , 
190, 93 , 190, 94 , 190, 107 , 190, 110 , 190, 116 , 190, 120 , 
190, 122 , 190, 127 , 190, 129 , 190, 132 , 190, 138 , 190, 140 
, 190, 143 , 190, 155 , 190, 156 , 190, 160 , 190, 172 , 190, 
179 , 190, 11 , 191, 18 , 191, 22 , 191, 37 , 191, 40 , 191, 43 
, 191, 88 , 191, 89 , 191, 90 , 191, 91 , 191, 92 , 191, 99 , 
191, 101 , 191, 120 , 191, 123 , 191, 125 , 191, 128 , 191, 129 
, 191, 130 , 191, 133 , 191, 135 , 191, 136 , 191, 138 , 191, 
147 , 191, 156 , 191, 159 , 191, 172 , 191, 177 , 191, 180 , 
191, 182 , 191, 183 , 191, 186 , 191, 187 , 191, 1 , 192, 3 , 
192, 5 , 192, 15 , 192, 21 , 192, 22 , 192, 23 , 192, 26 , 192, 
27 , 192, 29 , 192, 37 , 192, 40 , 192, 46 , 192, 47 , 192, 58 
, 192, 59 , 192, 60 , 192, 63 , 192, 66 , 192, 91 , 192, 93 , 
192, 96 , 192, 98 , 192, 111 , 192, 113 , 192, 115 , 192, 117 , 
192, 121 , 192, 122 , 192, 125 , 192, 132 , 192, 133 , 192, 137 
, 192, 150 , 192, 151 , 192, 157 , 192, 159 , 192, 161 , 192, 
165 , 192, 191 , 192, 6 , 193, 16 , 193, 25 , 193, 39 , 193, 43 
, 193, 45 , 193, 47 , 193, 50 , 193, 58 , 193, 61 , 193, 62 , 
193, 64 , 193, 65 , 193, 67 , 193, 70 , 193, 75 , 193, 84 , 
193, 88 , 193, 94 , 193, 95 , 193, 96 , 193, 98 , 193, 104 , 
193, 113 , 193, 114 , 193, 132 , 193, 135 , 193, 137 , 193, 140 
, 193, 149 , 193, 156 , 193, 157 , 193, 160 , 193, 164 , 193, 
165 , 193, 166 , 193, 175 , 193, 186 , 193, 192 , 193, 3 , 194, 
6 , 194, 13 , 194, 26 , 194, 30 , 194, 34 , 194, 36 , 194, 43 
, 194, 45 , 194, 50 , 194, 53 , 194, 66 , 194, 70 , 194, 75 , 
194, 84 , 194, 89 , 194, 114 , 194, 115 , 194, 120 , 194, 122 , 
194, 126 , 194, 129 , 194, 134 , 194, 139 , 194, 152 , 194, 153 
, 194, 162 , 194, 163 , 194, 166 , 194, 172 , 194, 189 , 194, 
190 , 194, 2 , 195, 3 , 195, 7 , 195, 12 , 195, 20 , 195, 22 , 
195, 24 , 195, 35 , 195, 61 , 195, 68 , 195, 69 , 195, 71 , 
195, 78 , 195, 86 , 195, 96 , 195, 98 , 195, 99 , 195, 101 , 
195, 109 , 195, 111 , 195, 112 , 195, 114 , 195, 115 , 195, 116 
, 195, 120 , 195, 128 , 195, 130 , 195, 131 , 195, 133 , 195, 
139 , 195, 140 , 195, 159 , 195, 162 , 195, 164 , 195, 166 , 
195, 169 , 195, 178 , 195, 189 , 195, 1 , 196, 6 , 196, 9 , 
196, 10 , 196, 12 , 196, 17 , 196, 18 , 196, 32 , 196, 39 , 
196, 46 , 196, 47 , 196, 48 , 196, 49 , 196, 53 , 196, 59 , 
196, 65 , 196, 70 , 196, 72 , 196, 75 , 196, 77 , 196, 83 , 
196, 86 , 196, 93 , 196, 100 , 196, 102 , 196, 120 , 196, 125 , 
196, 129 , 196, 136 , 196, 138 , 196, 139 , 196, 140 , 196, 146 
, 196, 148 , 196, 154 , 196, 162 , 196, 170 , 196, 171 , 196, 
176 , 196, 179 , 196, 184 , 196, 193 , 196, 1 , 197, 13 , 197, 
19 , 197, 21 , 197, 26 , 197, 35 , 197, 36 , 197, 40 , 197, 45 
, 197, 60 , 197, 65 , 197, 78 , 197, 80 , 197, 87 , 197, 88 , 
197, 92 , 197, 96 , 197, 99 , 197, 102 , 197, 115 , 197, 116 , 
197, 117 , 197, 124 , 197, 127 , 197, 129 , 197, 130 , 197, 138 
, 197, 149 , 197, 157 , 197, 158 , 197, 160 , 197, 164 , 197, 
167 , 197, 177 , 197, 187 , 197, 1 , 198, 2 , 198, 10 , 198, 21 
, 198, 22 , 198, 25 , 198, 30 , 198, 36 , 198, 40 , 198, 49 , 
198, 60 , 198, 62 , 198, 63 , 198, 68 , 198, 71 , 198, 80 , 
198, 87 , 198, 100 , 198, 101 , 198, 105 , 198, 109 , 198, 110 
, 198, 114 , 198, 115 , 198, 120 , 198, 124 , 198, 131 , 198, 
133 , 198, 139 , 198, 145 , 198, 157 , 198, 158 , 198, 170 , 
198, 174 , 198, 177 , 198, 184 , 198, 186 , 198, 187 , 198, 192 
, 198, 6 , 199, 7 , 199, 14 , 199, 19 , 199, 20 , 199, 40 , 
199, 45 , 199, 46 , 199, 47 , 199, 48 , 199, 58 , 199, 60 , 
199, 62 , 199, 68 , 199, 79 , 199, 87 , 199, 89 , 199, 94 , 
199, 103 , 199, 106 , 199, 118 , 199, 126 , 199, 134 , 199, 151 
, 199, 155 , 199, 157 , 199, 166 , 199, 176 , 199, 183 , 199, 
185 , 199, 186 , 199, 192 , 199, 1 , 200, 2 , 200, 7 , 200, 8 
, 200, 21 , 200, 26 , 200, 37 , 200, 54 , 200, 66 , 200, 77 , 
200, 81 , 200, 84 , 200, 86 , 200, 97 , 200, 119 , 200, 121 , 
200, 126 , 200, 128 , 200, 133 , 200, 134 , 200, 136 , 200, 138 
, 200, 139 , 200, 147 , 200, 156 , 200, 178 , 200, 179 , 200, 
187 , 200, 199 , 200, 6 , 201, 10 , 201, 12 , 201, 30 , 201, 34 
, 201, 35 , 201, 37 , 201, 42 , 201, 46 , 201, 54 , 201, 62 , 
201, 66 , 201, 70 , 201, 71 , 201, 75 , 201, 79 , 201, 84 , 
201, 86 , 201, 87 , 201, 88 , 201, 89 , 201, 90 , 201, 93 , 
201, 95 , 201, 101 , 201, 103 , 201, 107 , 201, 114 , 201, 128 
, 201, 129 , 201, 131 , 201, 136 , 201, 145 , 201, 154 , 201, 
171 , 201, 177 , 201, 183 , 201, 186 , 201, 192 , 201, 199 , 
201, 1 , 202, 2 , 202, 12 , 202, 13 , 202, 17 , 202, 20 , 202, 
40 , 202, 42 , 202, 44 , 202, 52 , 202, 54 , 202, 65 , 202, 67 
, 202, 69 , 202, 70 , 202, 75 , 202, 77 , 202, 86 , 202, 94 , 
202, 103 , 202, 104 , 202, 110 , 202, 130 , 202, 132 , 202, 133 
, 202, 138 , 202, 142 , 202, 149 , 202, 152 , 202, 154 , 202, 
155 , 202, 160 , 202, 165 , 202, 173 , 202, 188 , 202, 198 , 
202, 201 , 202, 4 , 203, 9 , 203, 15 , 203, 19 , 203, 29 , 203, 
32 , 203, 33 , 203, 48 , 203, 59 , 203, 62 , 203, 67 , 203, 78 
, 203, 79 , 203, 82 , 203, 86 , 203, 92 , 203, 95 , 203, 115 , 
203, 121 , 203, 125 , 203, 126 , 203, 127 , 203, 134 , 203, 137 
, 203, 138 , 203, 143 , 203, 148 , 203, 161 , 203, 163 , 203, 
166 , 203, 167 , 203, 175 , 203, 179 , 203, 191 , 203, 196 , 
203, 201 , 203, 202 , 203, 4 , 204, 7 , 204, 16 , 204, 21 , 
204, 22 , 204, 23 , 204, 24 , 204, 27 , 204, 30 , 204, 36 , 
204, 37 , 204, 38 , 204, 47 , 204, 52 , 204, 54 , 204, 64 , 
204, 69 , 204, 70 , 204, 73 , 204, 75 , 204, 76 , 204, 79 , 
204, 83 , 204, 86 , 204, 99 , 204, 100 , 204, 108 , 204, 110 , 
204, 121 , 204, 122 , 204, 131 , 204, 138 , 204, 145 , 204, 151 
, 204, 154 , 204, 171 , 204, 176 , 204, 179 , 204, 181 , 204, 
188 , 204, 197 , 204, 199 , 204, 201 , 204, 1 , 205, 6 , 205, 7 
, 205, 15 , 205, 17 , 205, 18 , 205, 26 , 205, 38 , 205, 49 , 
205, 54 , 205, 56 , 205, 57 , 205, 62 , 205, 65 , 205, 66 , 
205, 69 , 205, 76 , 205, 85 , 205, 86 , 205, 92 , 205, 94 , 
205, 99 , 205, 102 , 205, 104 , 205, 105 , 205, 109 , 205, 110 
, 205, 111 , 205, 112 , 205, 117 , 205, 122 , 205, 125 , 205, 
130 , 205, 135 , 205, 136 , 205, 150 , 205, 156 , 205, 158 , 
205, 161 , 205, 166 , 205, 169 , 205, 171 , 205, 173 , 205, 174 
, 205, 180 , 205, 4 , 206, 11 , 206, 17 , 206, 19 , 206, 22 , 
206, 23 , 206, 24 , 206, 26 , 206, 27 , 206, 29 , 206, 30 , 
206, 38 , 206, 39 , 206, 46 , 206, 49 , 206, 51 , 206, 53 , 
206, 55 , 206, 56 , 206, 64 , 206, 81 , 206, 84 , 206, 86 , 
206, 95 , 206, 103 , 206, 104 , 206, 113 , 206, 128 , 206, 134 
, 206, 150 , 206, 160 , 206, 162 , 206, 173 , 206, 178 , 206, 
185 , 206, 190 , 206, 195 , 206, 197 , 206, 201 , 206, 202 , 
206, 204 , 206, 3 , 207, 10 , 207, 11 , 207, 22 , 207, 29 , 
207, 41 , 207, 48 , 207, 64 , 207, 65 , 207, 67 , 207, 72 , 
207, 77 , 207, 82 , 207, 84 , 207, 92 , 207, 93 , 207, 95 , 
207, 98 , 207, 100 , 207, 103 , 207, 104 , 207, 109 , 207, 116 
, 207, 128 , 207, 129 , 207, 142 , 207, 143 , 207, 149 , 207, 
152 , 207, 170 , 207, 176 , 207, 187 , 207, 198 , 207, 205 , 
207, 2 , 208, 9 , 208, 19 , 208, 22 , 208, 24 , 208, 25 , 208, 
28 , 208, 32 , 208, 37 , 208, 38 , 208, 55 , 208, 56 , 208, 57 
, 208, 72 , 208, 83 , 208, 85 , 208, 89 , 208, 93 , 208, 100 , 
208, 107 , 208, 127 , 208, 131 , 208, 134 , 208, 135 , 208, 141 
, 208, 146 , 208, 150 , 208, 159 , 208, 163 , 208, 170 , 208, 
171 , 208, 183 , 208, 188 , 208, 198 , 208, 201 , 208, 2 , 209, 
8 , 209, 11 , 209, 21 , 209, 23 , 209, 27 , 209, 28 , 209, 37 
, 209, 40 , 209, 43 , 209, 52 , 209, 57 , 209, 63 , 209, 73 , 
209, 75 , 209, 80 , 209, 84 , 209, 91 , 209, 92 , 209, 94 , 
209, 100 , 209, 102 , 209, 104 , 209, 107 , 209, 110 , 209, 114 
, 209, 122 , 209, 124 , 209, 125 , 209, 128 , 209, 133 , 209, 
145 , 209, 147 , 209, 149 , 209, 151 , 209, 153 , 209, 154 , 
209, 163 , 209, 172 , 209, 177 , 209, 180 , 209, 182 , 209, 187 
, 209, 198 , 209, 206 , 209, 1 , 210, 2 , 210, 3 , 210, 14 , 
210, 22 , 210, 34 , 210, 42 , 210, 50 , 210, 52 , 210, 69 , 
210, 70 , 210, 79 , 210, 89 , 210, 91 , 210, 92 , 210, 93 , 
210, 98 , 210, 103 , 210, 116 , 210, 117 , 210, 123 , 210, 126 
, 210, 132 , 210, 142 , 210, 145 , 210, 153 , 210, 154 , 210, 
161 , 210, 166 , 210, 168 , 210, 174 , 210, 181 , 210, 193 , 
210, 197 , 210, 3 , 211, 6 , 211, 8 , 211, 19 , 211, 25 , 211, 
27 , 211, 28 , 211, 39 , 211, 43 , 211, 57 , 211, 58 , 211, 62 
, 211, 74 , 211, 79 , 211, 81 , 211, 86 , 211, 100 , 211, 105 
, 211, 106 , 211, 116 , 211, 117 , 211, 126 , 211, 127 , 211, 
135 , 211, 136 , 211, 139 , 211, 143 , 211, 148 , 211, 154 , 
211, 163 , 211, 174 , 211, 175 , 211, 176 , 211, 178 , 211, 179 
, 211, 181 , 211, 182 , 211, 186 , 211, 193 , 211, 196 , 211, 
197 , 211, 200 , 211, 201 , 211, 204 , 211, 205 , 211, 206 , 
211, 208 , 211, 210 , 211, 8 , 212, 11 , 212, 15 , 212, 23 , 
212, 25 , 212, 33 , 212, 34 , 212, 38 , 212, 39 , 212, 42 , 
212, 45 , 212, 47 , 212, 55 , 212, 56 , 212, 58 , 212, 64 , 
212, 66 , 212, 70 , 212, 81 , 212, 83 , 212, 84 , 212, 88 , 
212, 89 , 212, 101 , 212, 106 , 212, 117 , 212, 120 , 212, 128 
, 212, 137 , 212, 138 , 212, 140 , 212, 149 , 212, 150 , 212, 
151 , 212, 155 , 212, 162 , 212, 184 , 212, 194 , 212, 206 , 
212, 211 , 212, 6 , 213, 12 , 213, 15 , 213, 16 , 213, 23 , 
213, 27 , 213, 28 , 213, 36 , 213, 37 , 213, 39 , 213, 46 , 
213, 55 , 213, 58 , 213, 69 , 213, 70 , 213, 74 , 213, 78 , 
213, 86 , 213, 92 , 213, 98 , 213, 100 , 213, 101 , 213, 110 , 
213, 117 , 213, 119 , 213, 126 , 213, 128 , 213, 134 , 213, 135 
, 213, 136 , 213, 150 , 213, 158 , 213, 159 , 213, 166 , 213, 
171 , 213, 182 , 213, 188 , 213, 193 , 213, 199 , 213, 205 , 
213, 210 , 213, 14 , 214, 18 , 214, 20 , 214, 23 , 214, 25 , 
214, 26 , 214, 32 , 214, 36 , 214, 52 , 214, 54 , 214, 56 , 
214, 60 , 214, 61 , 214, 65 , 214, 67 , 214, 69 , 214, 73 , 
214, 84 , 214, 94 , 214, 98 , 214, 99 , 214, 107 , 214, 108 , 
214, 113 , 214, 115 , 214, 117 , 214, 120 , 214, 123 , 214, 126 
, 214, 131 , 214, 145 , 214, 150 , 214, 151 , 214, 157 , 214, 
159 , 214, 161 , 214, 162 , 214, 166 , 214, 176 , 214, 185 , 
214, 187 , 214, 194 , 214, 196 , 214, 199 , 214, 201 , 214, 202 
, 214, 203 , 214, 206 , 214, 3 , 215, 4 , 215, 9 , 215, 11 , 
215, 13 , 215, 18 , 215, 21 , 215, 23 , 215, 27 , 215, 30 , 
215, 39 , 215, 47 , 215, 49 , 215, 51 , 215, 61 , 215, 62 , 
215, 83 , 215, 84 , 215, 90 , 215, 91 , 215, 93 , 215, 94 , 
215, 96 , 215, 99 , 215, 104 , 215, 118 , 215, 121 , 215, 128 , 
215, 134 , 215, 135 , 215, 137 , 215, 139 , 215, 140 , 215, 144 
, 215, 145 , 215, 150 , 215, 151 , 215, 163 , 215, 182 , 215, 
186 , 215, 191 , 215, 192 , 215, 198 , 215, 199 , 215, 2 , 216, 
7 , 216, 12 , 216, 17 , 216, 20 , 216, 28 , 216, 29 , 216, 36 
, 216, 41 , 216, 46 , 216, 48 , 216, 53 , 216, 57 , 216, 58 , 
216, 62 , 216, 69 , 216, 77 , 216, 81 , 216, 91 , 216, 95 , 
216, 96 , 216, 98 , 216, 102 , 216, 103 , 216, 111 , 216, 120 , 
216, 126 , 216, 129 , 216, 134 , 216, 138 , 216, 144 , 216, 147 
, 216, 150 , 216, 154 , 216, 160 , 216, 176 , 216, 196 , 216, 
198 , 216, 209 , 216, 212 , 216, 2 , 217, 5 , 217, 7 , 217, 11 
, 217, 15 , 217, 19 , 217, 30 , 217, 33 , 217, 34 , 217, 35 , 
217, 37 , 217, 41 , 217, 44 , 217, 57 , 217, 60 , 217, 64 , 
217, 65 , 217, 66 , 217, 72 , 217, 73 , 217, 76 , 217, 79 , 
217, 82 , 217, 83 , 217, 84 , 217, 91 , 217, 98 , 217, 107 , 
217, 111 , 217, 113 , 217, 123 , 217, 128 , 217, 129 , 217, 132 
, 217, 138 , 217, 141 , 217, 147 , 217, 158 , 217, 161 , 217, 
162 , 217, 166 , 217, 176 , 217, 181 , 217, 184 , 217, 187 , 
217, 195 , 217, 200 , 217, 202 , 217, 204 , 217, 211 , 217, 215 
, 217, 1 , 218, 5 , 218, 7 , 218, 9 , 218, 13 , 218, 25 , 218, 
27 , 218, 39 , 218, 43 , 218, 48 , 218, 55 , 218, 64 , 218, 65 
, 218, 69 , 218, 71 , 218, 73 , 218, 78 , 218, 79 , 218, 85 , 
218, 86 , 218, 96 , 218, 97 , 218, 100 , 218, 112 , 218, 115 , 
218, 131 , 218, 132 , 218, 133 , 218, 135 , 218, 136 , 218, 139 
, 218, 145 , 218, 158 , 218, 170 , 218, 172 , 218, 174 , 218, 
183 , 218, 184 , 218, 186 , 218, 187 , 218, 188 , 218, 194 , 
218, 197 , 218, 198 , 218, 206 , 218, 212 , 218, 213 , 218, 10 
, 219, 13 , 219, 19 , 219, 21 , 219, 32 , 219, 38 , 219, 39 , 
219, 41 , 219, 52 , 219, 63 , 219, 66 , 219, 67 , 219, 71 , 
219, 73 , 219, 77 , 219, 87 , 219, 95 , 219, 97 , 219, 98 , 
219, 104 , 219, 105 , 219, 106 , 219, 109 , 219, 117 , 219, 119 
, 219, 120 , 219, 133 , 219, 147 , 219, 155 , 219, 162 , 219, 
166 , 219, 170 , 219, 172 , 219, 174 , 219, 178 , 219, 183 , 
219, 186 , 219, 188 , 219, 190 , 219, 192 , 219, 193 , 219, 194 
, 219, 196 , 219, 199 , 219, 203 , 219, 206 , 219, 207 , 219, 
214 , 219, 215 , 219, 217 , 219, 13 , 220, 15 , 220, 24 , 220, 
25 , 220, 37 , 220, 39 , 220, 40 , 220, 46 , 220, 52 , 220, 53 
, 220, 61 , 220, 62 , 220, 67 , 220, 68 , 220, 73 , 220, 74 , 
220, 77 , 220, 78 , 220, 83 , 220, 92 , 220, 94 , 220, 98 , 
220, 105 , 220, 109 , 220, 113 , 220, 114 , 220, 123 , 220, 130 
, 220, 133 , 220, 134 , 220, 136 , 220, 141 , 220, 143 , 220, 
147 , 220, 155 , 220, 156 , 220, 157 , 220, 166 , 220, 170 , 
220, 172 , 220, 180 , 220, 182 , 220, 183 , 220, 185 , 220, 193 
, 220, 200 , 220, 207 , 220, 208 , 220, 212 , 220, 215 , 220, 
218 , 220, 1 , 221, 6 , 221, 14 , 221, 22 , 221, 29 , 221, 48 
, 221, 52 , 221, 60 , 221, 70 , 221, 80 , 221, 81 , 221, 83 , 
221, 85 , 221, 88 , 221, 90 , 221, 94 , 221, 103 , 221, 106 , 
221, 113 , 221, 121 , 221, 131 , 221, 136 , 221, 141 , 221, 145 
, 221, 149 , 221, 167 , 221, 169 , 221, 171 , 221, 182 , 221, 
185 , 221, 186 , 221, 190 , 221, 192 , 221, 194 , 221, 195 , 
221, 207 , 221, 209 , 221, 210 , 221, 215 , 221, 17 , 222, 30 , 
222, 35 , 222, 37 , 222, 46 , 222, 50 , 222, 55 , 222, 57 , 
222, 61 , 222, 65 , 222, 72 , 222, 83 , 222, 84 , 222, 88 , 
222, 90 , 222, 94 , 222, 96 , 222, 99 , 222, 105 , 222, 110 , 
222, 114 , 222, 124 , 222, 125 , 222, 132 , 222, 133 , 222, 135 
, 222, 136 , 222, 147 , 222, 151 , 222, 152 , 222, 161 , 222, 
164 , 222, 171 , 222, 174 , 222, 185 , 222, 186 , 222, 201 , 
222, 202 , 222, 208 , 222, 1 , 223, 8 , 223, 9 , 223, 10 , 223, 
12 , 223, 15 , 223, 32 , 223, 40 , 223, 45 , 223, 49 , 223, 51 
, 223, 59 , 223, 60 , 223, 65 , 223, 69 , 223, 71 , 223, 73 , 
223, 74 , 223, 80 , 223, 82 , 223, 84 , 223, 87 , 223, 92 , 
223, 96 , 223, 99 , 223, 101 , 223, 113 , 223, 115 , 223, 117 , 
223, 119 , 223, 121 , 223, 135 , 223, 144 , 223, 145 , 223, 148 
, 223, 150 , 223, 152 , 223, 154 , 223, 161 , 223, 168 , 223, 
180 , 223, 182 , 223, 185 , 223, 187 , 223, 199 , 223, 201 , 
223, 206 , 223, 208 , 223, 213 , 223, 217 , 223, 221 , 223, 2 , 
224, 4 , 224, 6 , 224, 7 , 224, 14 , 224, 17 , 224, 29 , 224, 
30 , 224, 46 , 224, 52 , 224, 55 , 224, 56 , 224, 70 , 224, 72 
, 224, 73 , 224, 78 , 224, 85 , 224, 86 , 224, 92 , 224, 103 , 
224, 110 , 224, 111 , 224, 117 , 224, 118 , 224, 119 , 224, 122 
, 224, 128 , 224, 132 , 224, 134 , 224, 138 , 224, 146 , 224, 
151 , 224, 159 , 224, 171 , 224, 174 , 224, 201 , 224, 202 , 
224, 204 , 224, 215 , 224, 222 , 224, 1 , 225, 3 , 225, 7 , 
225, 11 , 225, 14 , 225, 20 , 225, 26 , 225, 30 , 225, 31 , 
225, 34 , 225, 36 , 225, 39 , 225, 42 , 225, 48 , 225, 53 , 
225, 58 , 225, 65 , 225, 67 , 225, 73 , 225, 74 , 225, 76 , 
225, 78 , 225, 81 , 225, 90 , 225, 92 , 225, 93 , 225, 95 , 
225, 102 , 225, 104 , 225, 105 , 225, 107 , 225, 109 , 225, 110 
, 225, 119 , 225, 125 , 225, 130 , 225, 146 , 225, 155 , 225, 
158 , 225, 160 , 225, 164 , 225, 168 , 225, 179 , 225, 183 , 
225, 184 , 225, 186 , 225, 204 , 225, 205 , 225, 207 , 225, 222 
, 225, 4 , 226, 9 , 226, 20 , 226, 22 , 226, 24 , 226, 28 , 
226, 33 , 226, 43 , 226, 54 , 226, 57 , 226, 62 , 226, 65 , 
226, 68 , 226, 69 , 226, 74 , 226, 75 , 226, 76 , 226, 77 , 
226, 81 , 226, 90 , 226, 91 , 226, 98 , 226, 114 , 226, 121 , 
226, 126 , 226, 133 , 226, 135 , 226, 137 , 226, 148 , 226, 149 
, 226, 150 , 226, 159 , 226, 162 , 226, 167 , 226, 170 , 226, 
172 , 226, 185 , 226, 193 , 226, 196 , 226, 197 , 226, 207 , 
226, 209 , 226, 214 , 226, 215 , 226, 220 , 226, 223 , 226, 225 
, 226, 1 , 227, 12 , 227, 17 , 227, 20 , 227, 32 , 227, 37 , 
227, 39 , 227, 47 , 227, 48 , 227, 52 , 227, 62 , 227, 63 , 
227, 67 , 227, 72 , 227, 75 , 227, 80 , 227, 89 , 227, 97 , 
227, 102 , 227, 106 , 227, 110 , 227, 118 , 227, 120 , 227, 123 
, 227, 126 , 227, 128 , 227, 138 , 227, 142 , 227, 146 , 227, 
147 , 227, 148 , 227, 149 , 227, 150 , 227, 152 , 227, 157 , 
227, 163 , 227, 169 , 227, 178 , 227, 180 , 227, 201 , 227, 202 
, 227, 209 , 227, 214 , 227, 215 , 227, 216 , 227, 222 , 227, 
223 , 227, 224 , 227, 3 , 228, 4 , 228, 8 , 228, 9 , 228, 12 , 
228, 13 , 228, 16 , 228, 18 , 228, 19 , 228, 28 , 228, 41 , 
228, 46 , 228, 47 , 228, 53 , 228, 58 , 228, 62 , 228, 63 , 
228, 90 , 228, 97 , 228, 100 , 228, 108 , 228, 109 , 228, 113 , 
228, 115 , 228, 118 , 228, 120 , 228, 122 , 228, 128 , 228, 130 
, 228, 132 , 228, 144 , 228, 147 , 228, 150 , 228, 155 , 228, 
156 , 228, 168 , 228, 169 , 228, 173 , 228, 174 , 228, 178 , 
228, 188 , 228, 194 , 228, 196 , 228, 198 , 228, 199 , 228, 200 
, 228, 204 , 228, 206 , 228, 210 , 228, 221 , 228, 8 , 229, 9 
, 229, 15 , 229, 16 , 229, 27 , 229, 30 , 229, 32 , 229, 57 , 
229, 65 , 229, 67 , 229, 68 , 229, 82 , 229, 88 , 229, 93 , 
229, 95 , 229, 96 , 229, 102 , 229, 104 , 229, 107 , 229, 118 , 
229, 119 , 229, 125 , 229, 126 , 229, 131 , 229, 133 , 229, 140 
, 229, 144 , 229, 149 , 229, 157 , 229, 158 , 229, 166 , 229, 
172 , 229, 179 , 229, 182 , 229, 184 , 229, 185 , 229, 201 , 
229, 202 , 229, 203 , 229, 208 , 229, 209 , 229, 222 , 229, 228 
, 229, 2 , 230, 7 , 230, 20 , 230, 25 , 230, 27 , 230, 29 , 
230, 31 , 230, 38 , 230, 53 , 230, 59 , 230, 66 , 230, 70 , 
230, 71 , 230, 74 , 230, 77 , 230, 87 , 230, 89 , 230, 91 , 
230, 97 , 230, 98 , 230, 99 , 230, 105 , 230, 116 , 230, 121 , 
230, 138 , 230, 143 , 230, 145 , 230, 153 , 230, 154 , 230, 155 
, 230, 156 , 230, 171 , 230, 174 , 230, 179 , 230, 184 , 230, 
185 , 230, 188 , 230, 189 , 230, 191 , 230, 192 , 230, 196 , 
230, 197 , 230, 212 , 230, 214 , 230, 216 , 230, 217 , 230, 223 
, 230, 2 , 231, 24 , 231, 25 , 231, 35 , 231, 37 , 231, 38 , 
231, 40 , 231, 44 , 231, 45 , 231, 48 , 231, 49 , 231, 54 , 
231, 59 , 231, 68 , 231, 70 , 231, 72 , 231, 86 , 231, 92 , 
231, 98 , 231, 110 , 231, 113 , 231, 129 , 231, 130 , 231, 149 
, 231, 152 , 231, 159 , 231, 160 , 231, 171 , 231, 172 , 231, 
175 , 231, 178 , 231, 182 , 231, 183 , 231, 191 , 231, 201 , 
231, 207 , 231, 208 , 231, 218 , 231, 230 , 231, 8 , 232, 9 , 
232, 12 , 232, 13 , 232, 16 , 232, 20 , 232, 21 , 232, 26 , 
232, 43 , 232, 45 , 232, 55 , 232, 57 , 232, 59 , 232, 65 , 
232, 69 , 232, 81 , 232, 87 , 232, 89 , 232, 93 , 232, 94 , 
232, 102 , 232, 114 , 232, 119 , 232, 120 , 232, 123 , 232, 124 
, 232, 128 , 232, 141 , 232, 142 , 232, 145 , 232, 150 , 232, 
155 , 232, 159 , 232, 163 , 232, 164 , 232, 168 , 232, 170 , 
232, 171 , 232, 185 , 232, 187 , 232, 194 , 232, 199 , 232, 201 
, 232, 202 , 232, 206 , 232, 207 , 232, 208 , 232, 209 , 232, 
213 , 232, 219 , 232, 226 , 232, 228 , 232, 230 , 232, 231 , 
232, 4 , 233, 5 , 233, 9 , 233, 14 , 233, 18 , 233, 19 , 233, 
23 , 233, 24 , 233, 32 , 233, 36 , 233, 37 , 233, 38 , 233, 39 
, 233, 45 , 233, 55 , 233, 60 , 233, 66 , 233, 67 , 233, 70 , 
233, 86 , 233, 91 , 233, 94 , 233, 100 , 233, 109 , 233, 118 , 
233, 123 , 233, 134 , 233, 140 , 233, 148 , 233, 155 , 233, 166 
, 233, 172 , 233, 176 , 233, 182 , 233, 190 , 233, 201 , 233, 
207 , 233, 212 , 233, 213 , 233, 223 , 233, 230 , 233, 232 , 
233, 7 , 234, 10 , 234, 11 , 234, 12 , 234, 15 , 234, 16 , 234, 
25 , 234, 30 , 234, 40 , 234, 49 , 234, 58 , 234, 59 , 234, 60 
, 234, 66 , 234, 69 , 234, 72 , 234, 76 , 234, 86 , 234, 88 , 
234, 91 , 234, 95 , 234, 96 , 234, 99 , 234, 104 , 234, 111 , 
234, 113 , 234, 115 , 234, 117 , 234, 121 , 234, 122 , 234, 124 
, 234, 125 , 234, 126 , 234, 128 , 234, 130 , 234, 131 , 234, 
138 , 234, 141 , 234, 145 , 234, 148 , 234, 155 , 234, 157 , 
234, 164 , 234, 165 , 234, 169 , 234, 182 , 234, 185 , 234, 186 
, 234, 188 , 234, 196 , 234, 203 , 234, 207 , 234, 211 , 234, 
218 , 234, 219 , 234, 222 , 234, 227 , 234, 231 , 234, 1 , 235, 
6 , 235, 28 , 235, 29 , 235, 31 , 235, 35 , 235, 41 , 235, 45 
, 235, 46 , 235, 48 , 235, 51 , 235, 53 , 235, 57 , 235, 62 , 
235, 64 , 235, 67 , 235, 69 , 235, 73 , 235, 79 , 235, 81 , 
235, 84 , 235, 93 , 235, 98 , 235, 112 , 235, 113 , 235, 124 , 
235, 126 , 235, 128 , 235, 131 , 235, 140 , 235, 146 , 235, 153 
, 235, 156 , 235, 159 , 235, 165 , 235, 173 , 235, 188 , 235, 
194 , 235, 197 , 235, 210 , 235, 226 , 235, 227 , 235, 228 , 
235, 1 , 236, 18 , 236, 27 , 236, 32 , 236, 35 , 236, 41 , 236, 
49 , 236, 63 , 236, 64 , 236, 68 , 236, 73 , 236, 78 , 236, 81 
, 236, 82 , 236, 83 , 236, 97 , 236, 102 , 236, 112 , 236, 122 
, 236, 125 , 236, 131 , 236, 133 , 236, 138 , 236, 148 , 236, 
152 , 236, 157 , 236, 159 , 236, 170 , 236, 176 , 236, 181 , 
236, 190 , 236, 191 , 236, 193 , 236, 197 , 236, 198 , 236, 203 
, 236, 204 , 236, 211 , 236, 214 , 236, 221 , 236, 225 , 236, 
231 , 236, 1 , 237, 6 , 237, 7 , 237, 26 , 237, 28 , 237, 31 , 
237, 33 , 237, 37 , 237, 42 , 237, 53 , 237, 54 , 237, 59 , 
237, 61 , 237, 64 , 237, 65 , 237, 68 , 237, 76 , 237, 79 , 
237, 80 , 237, 88 , 237, 96 , 237, 97 , 237, 99 , 237, 100 , 
237, 110 , 237, 111 , 237, 113 , 237, 115 , 237, 117 , 237, 119 
, 237, 120 , 237, 123 , 237, 135 , 237, 143 , 237, 155 , 237, 
157 , 237, 160 , 237, 163 , 237, 169 , 237, 178 , 237, 180 , 
237, 185 , 237, 190 , 237, 193 , 237, 203 , 237, 206 , 237, 208 
, 237, 214 , 237, 224 , 237, 227 , 237, 230 , 237, 3 , 238, 4 
, 238, 7 , 238, 11 , 238, 15 , 238, 16 , 238, 17 , 238, 18 , 
238, 19 , 238, 21 , 238, 29 , 238, 31 , 238, 37 , 238, 40 , 
238, 44 , 238, 50 , 238, 51 , 238, 63 , 238, 64 , 238, 66 , 
238, 71 , 238, 72 , 238, 73 , 238, 77 , 238, 83 , 238, 84 , 
238, 87 , 238, 90 , 238, 92 , 238, 102 , 238, 103 , 238, 104 , 
238, 105 , 238, 112 , 238, 116 , 238, 129 , 238, 138 , 238, 140 
, 238, 144 , 238, 154 , 238, 158 , 238, 165 , 238, 166 , 238, 
186 , 238, 188 , 238, 189 , 238, 192 , 238, 196 , 238, 202 , 
238, 206 , 238, 210 , 238, 216 , 238, 218 , 238, 219 , 238, 225 
, 238, 233 , 238, 2 , 239, 16 , 239, 17 , 239, 19 , 239, 23 , 
239, 30 , 239, 33 , 239, 35 , 239, 50 , 239, 61 , 239, 65 , 
239, 66 , 239, 69 , 239, 72 , 239, 76 , 239, 80 , 239, 87 , 
239, 97 , 239, 111 , 239, 114 , 239, 124 , 239, 126 , 239, 130 
, 239, 132 , 239, 138 , 239, 141 , 239, 143 , 239, 146 , 239, 
167 , 239, 175 , 239, 176 , 239, 182 , 239, 186 , 239, 190 , 
239, 194 , 239, 196 , 239, 197 , 239, 199 , 239, 202 , 239, 208 
, 239, 212 , 239, 219 , 239, 222 , 239, 228 , 239, 230 , 239, 
234 , 239, 235 , 239, 237 , 239, 238 , 239, 4 , 240, 10 , 240, 
13 , 240, 20 , 240, 28 , 240, 30 , 240, 31 , 240, 34 , 240, 43 
, 240, 44 , 240, 48 , 240, 52 , 240, 55 , 240, 56 , 240, 57 , 
240, 66 , 240, 69 , 240, 70 , 240, 73 , 240, 74 , 240, 84 , 
240, 85 , 240, 88 , 240, 92 , 240, 98 , 240, 99 , 240, 105 , 
240, 109 , 240, 112 , 240, 114 , 240, 123 , 240, 129 , 240, 136 
, 240, 137 , 240, 139 , 240, 141 , 240, 143 , 240, 145 , 240, 
148 , 240, 153 , 240, 155 , 240, 159 , 240, 163 , 240, 167 , 
240, 169 , 240, 177 , 240, 184 , 240, 185 , 240, 191 , 240, 197 
, 240, 204 , 240, 212 , 240, 214 , 240, 218 , 240, 225 , 240, 
234 , 240, 238 , 240, 1 , 241, 11 , 241, 12 , 241, 24 , 241, 32 
, 241, 33 , 241, 34 , 241, 44 , 241, 49 , 241, 53 , 241, 56 , 
241, 58 , 241, 60 , 241, 68 , 241, 69 , 241, 73 , 241, 77 , 
241, 82 , 241, 89 , 241, 92 , 241, 100 , 241, 105 , 241, 111 , 
241, 113 , 241, 115 , 241, 116 , 241, 121 , 241, 123 , 241, 134 
, 241, 138 , 241, 161 , 241, 172 , 241, 179 , 241, 181 , 241, 
186 , 241, 194 , 241, 198 , 241, 199 , 241, 205 , 241, 209 , 
241, 226 , 241, 228 , 241, 234 , 241, 4 , 242, 5 , 242, 7 , 
242, 12 , 242, 17 , 242, 30 , 242, 39 , 242, 47 , 242, 48 , 
242, 59 , 242, 65 , 242, 72 , 242, 75 , 242, 77 , 242, 81 , 
242, 82 , 242, 83 , 242, 84 , 242, 88 , 242, 90 , 242, 97 , 
242, 98 , 242, 102 , 242, 106 , 242, 107 , 242, 108 , 242, 110 
, 242, 111 , 242, 130 , 242, 131 , 242, 132 , 242, 137 , 242, 
142 , 242, 149 , 242, 152 , 242, 153 , 242, 155 , 242, 161 , 
242, 174 , 242, 176 , 242, 182 , 242, 188 , 242, 195 , 242, 196 
, 242, 203 , 242, 204 , 242, 206 , 242, 207 , 242, 211 , 242, 
213 , 242, 215 , 242, 232 , 242, 235 , 242, 239 , 242, 1 , 243, 
5 , 243, 6 , 243, 13 , 243, 26 , 243, 31 , 243, 34 , 243, 35 , 
243, 39 , 243, 45 , 243, 47 , 243, 49 , 243, 53 , 243, 54 , 
243, 62 , 243, 65 , 243, 68 , 243, 79 , 243, 82 , 243, 83 , 
243, 86 , 243, 88 , 243, 89 , 243, 92 , 243, 96 , 243, 103 , 
243, 123 , 243, 140 , 243, 145 , 243, 150 , 243, 155 , 243, 158 
, 243, 160 , 243, 163 , 243, 165 , 243, 169 , 243, 172 , 243, 
173 , 243, 174 , 243, 184 , 243, 188 , 243, 189 , 243, 190 , 
243, 192 , 243, 201 , 243, 204 , 243, 212 , 243, 217 , 243, 228 
, 243, 233 , 243, 240 , 243, 3 , 244, 7 , 244, 9 , 244, 11 , 
244, 21 , 244, 24 , 244, 27 , 244, 28 , 244, 29 , 244, 33 , 
244, 34 , 244, 35 , 244, 40 , 244, 46 , 244, 49 , 244, 52 , 
244, 53 , 244, 56 , 244, 62 , 244, 66 , 244, 73 , 244, 74 , 
244, 75 , 244, 80 , 244, 88 , 244, 89 , 244, 92 , 244, 105 , 
244, 106 , 244, 112 , 244, 117 , 244, 134 , 244, 135 , 244, 136 
, 244, 137 , 244, 138 , 244, 139 , 244, 148 , 244, 149 , 244, 
151 , 244, 155 , 244, 161 , 244, 164 , 244, 166 , 244, 170 , 
244, 172 , 244, 175 , 244, 176 , 244, 182 , 244, 190 , 244, 192 
, 244, 193 , 244, 197 , 244, 202 , 244, 208 , 244, 210 , 244, 
213 , 244, 216 , 244, 217 , 244, 219 , 244, 222 , 244, 224 , 
244, 226 , 244, 227 , 244, 230 , 244, 240 , 244, 243 , 244, 4 , 
245, 11 , 245, 18 , 245, 24 , 245, 32 , 245, 37 , 245, 41 , 
245, 44 , 245, 46 , 245, 50 , 245, 53 , 245, 75 , 245, 87 , 
245, 90 , 245, 97 , 245, 101 , 245, 102 , 245, 104 , 245, 112 , 
245, 118 , 245, 129 , 245, 138 , 245, 139 , 245, 156 , 245, 158 
, 245, 159 , 245, 162 , 245, 165 , 245, 180 , 245, 181 , 245, 
183 , 245, 193 , 245, 195 , 245, 200 , 245, 201 , 245, 203 , 
245, 208 , 245, 210 , 245, 214 , 245, 218 , 245, 223 , 245, 225 
, 245, 244 , 245, 2 , 246, 8 , 246, 18 , 246, 20 , 246, 23 , 
246, 25 , 246, 27 , 246, 28 , 246, 48 , 246, 56 , 246, 58 , 
246, 59 , 246, 65 , 246, 66 , 246, 68 , 246, 76 , 246, 77 , 
246, 83 , 246, 86 , 246, 94 , 246, 97 , 246, 100 , 246, 107 , 
246, 108 , 246, 113 , 246, 116 , 246, 121 , 246, 123 , 246, 125 
, 246, 134 , 246, 143 , 246, 160 , 246, 163 , 246, 171 , 246, 
173 , 246, 179 , 246, 185 , 246, 190 , 246, 192 , 246, 198 , 
246, 199 , 246, 203 , 246, 206 , 246, 207 , 246, 208 , 246, 212 
, 246, 221 , 246, 228 , 246, 235 , 246, 240 , 246, 245 , 246, 9 
, 247, 13 , 247, 23 , 247, 31 , 247, 36 , 247, 41 , 247, 45 , 
247, 46 , 247, 49 , 247, 56 , 247, 58 , 247, 69 , 247, 74 , 
247, 75 , 247, 81 , 247, 83 , 247, 92 , 247, 94 , 247, 95 , 
247, 98 , 247, 103 , 247, 125 , 247, 149 , 247, 152 , 247, 154 
, 247, 166 , 247, 170 , 247, 173 , 247, 186 , 247, 192 , 247, 
196 , 247, 198 , 247, 199 , 247, 201 , 247, 213 , 247, 218 , 
247, 224 , 247, 227 , 247, 230 , 247, 240 , 247, 243 , 247, 245 
, 247, 5 , 248, 18 , 248, 21 , 248, 27 , 248, 33 , 248, 40 , 
248, 64 , 248, 71 , 248, 72 , 248, 74 , 248, 80 , 248, 83 , 
248, 96 , 248, 99 , 248, 112 , 248, 114 , 248, 123 , 248, 126 , 
248, 127 , 248, 132 , 248, 140 , 248, 162 , 248, 174 , 248, 176 
, 248, 180 , 248, 183 , 248, 188 , 248, 189 , 248, 193 , 248, 
195 , 248, 199 , 248, 202 , 248, 203 , 248, 205 , 248, 209 , 
248, 219 , 248, 221 , 248, 222 , 248, 231 , 248, 241 , 248, 242 
, 248, 247 , 248, 13 , 249, 19 , 249, 25 , 249, 30 , 249, 46 , 
249, 61 , 249, 64 , 249, 69 , 249, 73 , 249, 77 , 249, 82 , 
249, 90 , 249, 93 , 249, 101 , 249, 102 , 249, 106 , 249, 111 , 
249, 119 , 249, 121 , 249, 122 , 249, 126 , 249, 127 , 249, 136 
, 249, 139 , 249, 143 , 249, 151 , 249, 161 , 249, 163 , 249, 
169 , 249, 171 , 249, 178 , 249, 180 , 249, 185 , 249, 187 , 
249, 204 , 249, 207 , 249, 209 , 249, 213 , 249, 214 , 249, 218 
, 249, 222 , 249, 228 , 249, 230 , 249, 234 , 249, 237 , 249, 
239 , 249, 241 , 249, 243 , 249, 244 , 249, 245 , 249, 14 , 
250, 17 , 250, 25 , 250, 31 , 250, 33 , 250, 38 , 250, 40 , 
250, 42 , 250, 48 , 250, 51 , 250, 52 , 250, 57 , 250, 62 , 
250, 64 , 250, 68 , 250, 69 , 250, 79 , 250, 80 , 250, 81 , 
250, 91 , 250, 92 , 250, 107 , 250, 112 , 250, 115 , 250, 119 , 
250, 120 , 250, 135 , 250, 139 , 250, 143 , 250, 146 , 250, 148 
, 250, 154 , 250, 157 , 250, 171 , 250, 172 , 250, 181 , 250, 
182 , 250, 186 , 250, 188 , 250, 190 , 250, 191 , 250, 194 , 
250, 195 , 250, 201 , 250, 206 , 250, 217 , 250, 221 , 250, 229 
, 250, 234 , 250, 238 , 250, 239 , 250, 243 , 250, 248 , 250