3 , 5, 1 , 7, 2 , 7, 3 , 7, 1 , 9, 1 , 10, 3 , 10, 5 , 10, 2 
, 11, 4 , 11, 1 , 12, 8 , 12, 10 , 13, 12 , 13, 8 , 14, 9 , 
14, 11 , 14, 12 , 14, 5 , 15, 7 , 15, 8 , 15, 11 , 16, 2 , 17, 
3 , 17, 7 , 17, 10 , 17, 11 , 17, 4 , 18, 10 , 18, 11 , 19, 3 
, 20, 4 , 20, 16 , 20, 18 , 20, 19 , 20, 3 , 21, 2 , 22, 11 , 
22, 12 , 22, 11 , 23, 15 , 23, 6 , 24, 10 , 24, 19 , 24, 22 , 
24, 10 , 25, 13 , 25, 6 , 26, 10 , 26, 16 , 26, 8 , 27, 12 , 
27, 14 , 27, 23 , 27, 11 , 28, 13 , 28, 17 , 28, 23 , 28, 5 , 
29, 10 , 29, 13 , 29, 15 , 29, 2 , 30, 4 , 30, 5 , 30, 6 , 30, 
15 , 30, 17 , 30, 21 , 30, 27 , 30, 6 , 31, 9 , 31, 10 , 31, 
11 , 31, 18 , 31, 19 , 31, 29 , 31, 9 , 32, 10 , 32, 19 , 32, 
21 , 32, 24 , 32, 29 , 32, 31 , 32, 24 , 33, 2 , 34, 4 , 34, 6 
, 34, 7 , 34, 10 , 34, 15 , 34, 25 , 34, 29 , 34, 11 , 35, 19 
, 35, 25 , 35, 2 , 36, 7 , 36, 10 , 36, 13 , 36, 15 , 36, 17 
, 36, 24 , 36, 26 , 36, 29 , 36, 30 , 36, 34 , 36, 3 , 37, 4 
, 37, 5 , 37, 9 , 37, 23 , 37, 24 , 37, 30 , 37, 33 , 37, 35 
, 37, 36 , 37, 7 , 38, 13 , 38, 19 , 38, 28 , 38, 37 , 38, 5 
, 39, 6 , 39, 20 , 39, 30 , 39, 1 , 40, 2 , 40, 3 , 40, 10 , 
40, 16 , 40, 26 , 40, 34 , 40, 37 , 40, 7 , 41, 8 , 41, 12 , 
41, 18 , 41, 22 , 41, 32 , 41, 37 , 41, 38 , 41, 3 , 42, 4 , 
42, 15 , 42, 22 , 42, 29 , 42, 40 , 42, 2 , 43, 8 , 43, 10 , 
43, 14 , 43, 17 , 43, 19 , 43, 39 , 43, 2 , 44, 6 , 44, 22 , 
44, 29 , 44, 38 , 44, 1 , 45, 2 , 45, 7 , 45, 18 , 45, 20 , 
45, 28 , 45, 30 , 45, 35 , 45, 39 , 45, 44 , 45, 10 , 46, 11 , 
46, 15 , 46, 42 , 46, 3 , 47, 13 , 47, 17 , 47, 19 , 47, 24 , 
47, 25 , 47, 30 , 47, 32 , 47, 33 , 47, 39 , 47, 4 , 48, 10 , 
48, 15 , 48, 18 , 48, 27 , 48, 28 , 48, 3 , 49, 20 , 49, 34 , 
49, 41 , 49, 11 , 50, 19 , 50, 27 , 50, 32 , 50, 35 , 50, 41 , 
50, 43 , 50, 1 , 51, 5 , 51, 6 , 51, 8 , 51, 12 , 51, 27 , 51, 
31 , 51, 43 , 51, 5 , 52, 9 , 52, 12 , 52, 13 , 52, 34 , 52, 
41 , 52, 51 , 52, 11 , 53, 13 , 53, 17 , 53, 26 , 53, 30 , 53, 
32 , 53, 37 , 53, 49 , 53, 6 , 54, 13 , 54, 18 , 54, 26 , 54, 
27 , 54, 31 , 54, 36 , 54, 47 , 54, 2 , 55, 5 , 55, 9 , 55, 10 
, 55, 11 , 55, 26 , 55, 35 , 55, 43 , 55, 51 , 55, 2 , 56, 12 
, 56, 14 , 56, 19 , 56, 33 , 56, 10 , 57, 24 , 57, 26 , 57, 38 
, 57, 39 , 57, 40 , 57, 43 , 57, 52 , 57, 3 , 58, 5 , 58, 14 
, 58, 26 , 58, 37 , 58, 46 , 58, 48 , 58, 50 , 58, 51 , 58, 52 
, 58, 2 , 59, 7 , 59, 18 , 59, 20 , 59, 24 , 59, 38 , 59, 40 
, 59, 43 , 59, 57 , 59, 6 , 60, 15 , 60, 18 , 60, 19 , 60, 20 
, 60, 21 , 60, 28 , 60, 34 , 60, 42 , 60, 44 , 60, 48 , 60, 50 
, 60, 52 , 60, 56 , 60, 7 , 61, 10 , 61, 12 , 61, 23 , 62, 28 
, 62, 36 , 62, 42 , 62, 55 , 62, 61 , 62, 16 , 63, 23 , 63, 24 
, 63, 33 , 63, 34 , 63, 43 , 63, 45 , 63, 61 , 63, 2 , 64, 13 
, 64, 17 , 64, 18 , 64, 23 , 64, 41 , 64, 53 , 64, 62 , 64, 7 
, 65, 18 , 65, 30 , 65, 45 , 65, 49 , 65, 2 , 66, 7 , 66, 9 , 
66, 17 , 66, 29 , 66, 46 , 66, 54 , 66, 58 , 66, 60 , 66, 63 , 
66, 65 , 66, 27 , 67, 32 , 67, 34 , 67, 44 , 67, 66 , 67, 7 , 
68, 9 , 68, 12 , 68, 16 , 68, 33 , 68, 35 , 68, 40 , 68, 49 , 
68, 53 , 68, 65 , 68, 2 , 69, 5 , 69, 9 , 69, 21 , 69, 26 , 
69, 44 , 69, 46 , 69, 55 , 69, 64 , 69, 4 , 70, 7 , 70, 8 , 
70, 12 , 70, 19 , 70, 37 , 70, 45 , 70, 47 , 70, 54 , 70, 10 , 
71, 11 , 71, 18 , 71, 22 , 71, 24 , 71, 32 , 71, 38 , 71, 40 , 
71, 48 , 71, 58 , 71, 59 , 71, 66 , 71, 70 , 71, 4 , 72, 7 , 
72, 10 , 72, 22 , 72, 28 , 72, 34 , 72, 37 , 72, 41 , 72, 45 , 
72, 50 , 72, 53 , 72, 61 , 72, 68 , 72, 71 , 72, 5 , 73, 8 , 
73, 9 , 73, 14 , 73, 22 , 73, 25 , 73, 30 , 73, 31 , 73, 34 , 
73, 38 , 73, 43 , 73, 45 , 73, 64 , 73, 9 , 74, 11 , 74, 12 , 
74, 22 , 74, 30 , 74, 32 , 74, 37 , 74, 49 , 74, 61 , 74, 66 , 
74, 71 , 74, 73 , 74, 9 , 75, 14 , 75, 17 , 75, 23 , 75, 30 , 
75, 31 , 75, 40 , 75, 63 , 75, 65 , 75, 68 , 75, 73 , 75, 2 , 
76, 13 , 76, 17 , 76, 26 , 76, 53 , 76, 1 , 77, 12 , 77, 17 , 
77, 19 , 77, 23 , 77, 25 , 77, 49 , 77, 55 , 77, 72 , 77, 8 , 
78, 12 , 78, 13 , 78, 22 , 78, 28 , 78, 35 , 78, 39 , 78, 42 , 
78, 47 , 78, 50 , 78, 52 , 78, 55 , 78, 57 , 78, 62 , 78, 66 , 
78, 75 , 78, 10 , 79, 20 , 79, 26 , 79, 31 , 79, 32 , 79, 35 , 
79, 38 , 79, 50 , 79, 53 , 79, 54 , 79, 59 , 79, 72 , 79, 78 , 
79, 16 , 80, 23 , 80, 25 , 80, 31 , 80, 32 , 80, 43 , 80, 45 , 
80, 66 , 80, 68 , 80, 77 , 80, 10 , 81, 13 , 81, 18 , 81, 24 , 
81, 32 , 81, 36 , 81, 47 , 81, 50 , 81, 60 , 81, 64 , 81, 67 , 
81, 69 , 81, 71 , 81, 77 , 81, 78 , 81, 80 , 81, 4 , 82, 13 , 
82, 14 , 82, 30 , 82, 42 , 82, 53 , 82, 63 , 82, 73 , 82, 4 , 
83, 6 , 83, 8 , 83, 25 , 83, 30 , 83, 31 , 83, 32 , 83, 33 , 
83, 40 , 83, 46 , 83, 47 , 83, 52 , 83, 54 , 83, 60 , 83, 61 , 
83, 63 , 83, 66 , 83, 71 , 83, 74 , 83, 1 , 84, 3 , 84, 4 , 
84, 9 , 84, 20 , 84, 28 , 84, 35 , 84, 43 , 84, 45 , 84, 54 , 
84, 56 , 84, 73 , 84, 74 , 84, 83 , 84, 4 , 85, 9 , 85, 17 , 
85, 20 , 85, 21 , 85, 23 , 85, 26 , 85, 27 , 85, 32 , 85, 36 , 
85, 37 , 85, 47 , 85, 52 , 85, 54 , 85, 79 , 85, 4 , 86, 6 , 
86, 13 , 86, 15 , 86, 19 , 86, 22 , 86, 30 , 86, 36 , 86, 41 , 
86, 42 , 86, 46 , 86, 48 , 86, 52 , 86, 69 , 86, 81 , 86, 5 , 
87, 17 , 87, 34 , 87, 35 , 87, 40 , 87, 43 , 87, 44 , 87, 50 , 
87, 68 , 87, 75 , 87, 84 , 87, 1 , 88, 4 , 88, 7 , 88, 8 , 88, 
23 , 88, 32 , 88, 39 , 88, 44 , 88, 49 , 88, 62 , 88, 64 , 88, 
68 , 88, 71 , 88, 87 , 88, 1 , 89, 9 , 89, 12 , 89, 15 , 89, 
47 , 89, 49 , 89, 52 , 89, 57 , 89, 58 , 89, 60 , 89, 76 , 89, 
84 , 89, 1 , 90, 4 , 90, 17 , 90, 23 , 90, 31 , 90, 37 , 90, 
39 , 90, 51 , 90, 55 , 90, 59 , 90, 60 , 90, 63 , 90, 70 , 90, 
78 , 90, 80 , 90, 87 , 90, 88 , 90, 1 , 91, 6 , 91, 21 , 91, 
23 , 91, 41 , 91, 58 , 91, 64 , 91, 71 , 91, 86 , 91, 10 , 92, 
18 , 92, 25 , 92, 26 , 92, 30 , 92, 31 , 92, 36 , 92, 41 , 92, 
58 , 92, 62 , 92, 65 , 92, 69 , 92, 81 , 92, 82 , 92, 83 , 92, 
84 , 92, 5 , 93, 6 , 93, 7 , 93, 23 , 93, 28 , 93, 29 , 93, 31 
, 93, 50 , 93, 58 , 93, 67 , 93, 73 , 93, 80 , 93, 82 , 93, 85 
, 93, 86 , 93, 5 , 94, 20 , 94, 24 , 94, 26 , 94, 27 , 94, 29 
, 94, 33 , 94, 36 , 94, 40 , 94, 41 , 94, 53 , 94, 56 , 94, 70 
, 94, 85 , 94, 89 , 94, 92 , 94, 14 , 95, 17 , 95, 20 , 95, 24 
, 95, 30 , 95, 34 , 95, 35 , 95, 42 , 95, 45 , 95, 49 , 95, 51 
, 95, 66 , 95, 72 , 95, 73 , 95, 76 , 95, 84 , 95, 93 , 95, 47 
, 96, 48 , 96, 50 , 96, 62 , 96, 68 , 96, 73 , 96, 74 , 96, 75 
, 96, 81 , 96, 85 , 96, 94 , 96, 1 , 97, 14 , 97, 23 , 97, 24 
, 97, 50 , 97, 65 , 97, 83 , 97, 8 , 98, 21 , 98, 28 , 98, 30 
, 98, 34 , 98, 40 , 98, 42 , 98, 46 , 98, 54 , 98, 69 , 98, 72 
, 98, 74 , 98, 76 , 98, 89 , 98, 97 , 98, 9 , 99, 18 , 99, 39 
, 99, 61 , 99, 67 , 99, 75 , 99, 78 , 99, 79 , 99, 82 , 99, 95 
, 99, 6 , 100, 7 , 100, 10 , 100, 13 , 100, 15 , 100, 24 , 
100, 33 , 100, 35 , 100, 51 , 100, 52 , 100, 54 , 100, 63 , 
100, 66 , 100, 80 , 100, 89 , 100, 27 , 101, 28 , 101, 40 , 
101, 43 , 101, 53 , 101, 58 , 101, 62 , 101, 63 , 101, 65 , 
101, 66 , 101, 79 , 101, 81 , 101, 86 , 101, 91 , 101, 92 , 
101, 95 , 101, 5 , 102, 26 , 102, 41 , 102, 45 , 102, 49 , 102, 
53 , 102, 61 , 102, 63 , 102, 70 , 102, 73 , 102, 75 , 102, 79 
, 102, 81 , 102, 82 , 102, 87 , 102, 89 , 102, 90 , 102, 91 , 
102, 93 , 102, 96 , 102, 11 , 103, 14 , 103, 23 , 103, 27 , 
103, 48 , 103, 50 , 103, 52 , 103, 55 , 103, 63 , 103, 75 , 
103, 77 , 103, 85 , 103, 96 , 103, 1 , 104, 9 , 104, 11 , 104, 
22 , 104, 44 , 104, 52 , 104, 62 , 104, 63 , 104, 64 , 104, 73 
, 104, 75 , 104, 79 , 104, 84 , 104, 88 , 104, 98 , 104, 99 , 
104, 22 , 105, 26 , 105, 29 , 105, 46 , 105, 49 , 105, 56 , 
105, 61 , 105, 66 , 105, 81 , 105, 90 , 105, 98 , 105, 102 , 
105, 103 , 105, 3 , 106, 5 , 106, 8 , 106, 12 , 106, 22 , 106, 
28 , 106, 30 , 106, 34 , 106, 39 , 106, 41 , 106, 47 , 106, 56 
, 106, 73 , 106, 95 , 106, 101 , 106, 4 , 107, 5 , 107, 7 , 
107, 12 , 107, 15 , 107, 27 , 107, 36 , 107, 38 , 107, 39 , 
107, 46 , 107, 48 , 107, 50 , 107, 53 , 107, 56 , 107, 58 , 
107, 59 , 107, 61 , 107, 66 , 107, 70 , 107, 71 , 107, 76 , 
107, 78 , 107, 94 , 107, 95 , 107, 7 , 108, 8 , 108, 12 , 108, 
15 , 108, 17 , 108, 21 , 108, 26 , 108, 31 , 108, 40 , 108, 43 
, 108, 44 , 108, 45 , 108, 46 , 108, 48 , 108, 50 , 108, 54 , 
108, 58 , 108, 62 , 108, 63 , 108, 66 , 108, 68 , 108, 74 , 
108, 75 , 108, 84 , 108, 88 , 108, 96 , 108, 104 , 108, 2 , 
109, 4 , 109, 7 , 109, 14 , 109, 22 , 109, 23 , 109, 27 , 109, 
28 , 109, 29 , 109, 33 , 109, 38 , 109, 40 , 109, 41 , 109, 48 
, 109, 49 , 109, 51 , 109, 58 , 109, 67 , 109, 75 , 109, 82 , 
109, 89 , 109, 91 , 109, 95 , 109, 96 , 109, 101 , 109, 105 , 
109, 3 , 110, 11 , 110, 16 , 110, 17 , 110, 20 , 110, 26 , 110, 
49 , 110, 59 , 110, 61 , 110, 65 , 110, 78 , 110, 81 , 110, 82 
, 110, 84 , 110, 86 , 110, 89 , 110, 90 , 110, 92 , 110, 93 , 
110, 94 , 110, 103 , 110, 2 , 111, 5 , 111, 24 , 111, 37 , 111, 
40 , 111, 61 , 111, 68 , 111, 69 , 111, 71 , 111, 73 , 111, 75 
, 111, 78 , 111, 89 , 111, 106 , 111, 109 , 111, 1 , 112, 8 , 
112, 18 , 112, 22 , 112, 23 , 112, 42 , 112, 52 , 112, 58 , 
112, 70 , 112, 78 , 112, 90 , 112, 92 , 112, 93 , 112, 103 , 
112, 14 , 113, 17 , 113, 31 , 113, 39 , 113, 48 , 113, 51 , 
113, 56 , 113, 73 , 113, 107 , 113, 16 , 114, 18 , 114, 22 , 
114, 33 , 114, 35 , 114, 42 , 114, 43 , 114, 49 , 114, 50 , 
114, 54 , 114, 56 , 114, 66 , 114, 67 , 114, 73 , 114, 89 , 
114, 94 , 114, 99 , 114, 107 , 114, 9 , 115, 13 , 115, 28 , 
115, 29 , 115, 39 , 115, 48 , 115, 49 , 115, 54 , 115, 56 , 
115, 66 , 115, 67 , 115, 71 , 115, 81 , 115, 83 , 115, 85 , 
115, 102 , 115, 103 , 115, 112 , 115, 6 , 116, 8 , 116, 9 , 
116, 17 , 116, 35 , 116, 37 , 116, 42 , 116, 49 , 116, 55 , 
116, 70 , 116, 72 , 116, 98 , 116, 99 , 116, 101 , 116, 103 , 
116, 1 , 117, 7 , 117, 9 , 117, 17 , 117, 26 , 117, 28 , 117, 
35 , 117, 36 , 117, 37 , 117, 43 , 117, 44 , 117, 52 , 117, 67 
, 117, 68 , 117, 69 , 117, 71 , 117, 82 , 117, 83 , 117, 89 , 
117, 91 , 117, 92 , 117, 101 , 117, 104 , 117, 112 , 117, 113 , 
117, 114 , 117, 115 , 117, 5 , 118, 10 , 118, 17 , 118, 41 , 
118, 42 , 118, 54 , 118, 60 , 118, 63 , 118, 67 , 118, 80 , 
118, 83 , 118, 98 , 118, 103 , 118, 106 , 118, 107 , 118, 111 , 
118, 112 , 118, 113 , 118, 1 , 119, 3 , 119, 7 , 119, 8 , 119, 
15 , 119, 52 , 119, 58 , 119, 64 , 119, 67 , 119, 79 , 119, 87 
, 119, 92 , 119, 96 , 119, 109 , 119, 112 , 119, 30 , 120, 33 
, 120, 35 , 120, 39 , 120, 40 , 120, 45 , 120, 48 , 120, 74 , 
120, 78 , 120, 85 , 120, 88 , 120, 101 , 120, 103 , 120, 113 , 
120, 2 , 121, 3 , 121, 6 , 121, 12 , 121, 18 , 121, 32 , 121, 
34 , 121, 35 , 121, 42 , 121, 46 , 121, 51 , 121, 56 , 121, 59 
, 121, 63 , 121, 66 , 121, 68 , 121, 70 , 121, 72 , 121, 76 , 
121, 83 , 121, 84 , 121, 89 , 121, 90 , 121, 119 , 121, 13 , 
122, 24 , 122, 29 , 122, 30 , 122, 38 , 122, 58 , 122, 72 , 
122, 73 , 122, 79 , 122, 83 , 122, 86 , 122, 87 , 122, 97 , 
122, 110 , 122, 112 , 122, 113 , 122, 119 , 122, 3 , 123, 5 , 
123, 6 , 123, 25 , 123, 26 , 123, 33 , 123, 41 , 123, 51 , 123, 
58 , 123, 69 , 123, 70 , 123, 87 , 123, 102 , 123, 103 , 123, 
117 , 123, 3 , 124, 4 , 124, 16 , 124, 32 , 124, 34 , 124, 39 
, 124, 44 , 124, 48 , 124, 54 , 124, 62 , 124, 65 , 124, 67 , 
124, 70 , 124, 82 , 124, 83 , 124, 88 , 124, 97 , 124, 99 , 
124, 105 , 124, 107 , 124, 112 , 124, 114 , 124, 1 , 125, 5 , 
125, 8 , 125, 10 , 125, 18 , 125, 21 , 125, 28 , 125, 29 , 125, 
44 , 125, 45 , 125, 60 , 125, 61 , 125, 65 , 125, 82 , 125, 88 
, 125, 95 , 125, 101 , 125, 102 , 125, 103 , 125, 109 , 125, 
113 , 125, 1 , 126, 3 , 126, 14 , 126, 17 , 126, 26 , 126, 28 
, 126, 55 , 126, 69 , 126, 80 , 126, 85 , 126, 93 , 126, 109 , 
126, 110 , 126, 115 , 126, 9 , 127, 17 , 127, 26 , 127, 35 , 
127, 47 , 127, 49 , 127, 56 , 127, 57 , 127, 61 , 127, 81 , 
127, 83 , 127, 86 , 127, 90 , 127, 95 , 127, 98 , 127, 106 , 
127, 107 , 127, 109 , 127, 122 , 127, 5 , 128, 6 , 128, 17 , 
128, 27 , 128, 28 , 128, 38 , 128, 41 , 128, 44 , 128, 47 , 
128, 60 , 128, 65 , 128, 69 , 128, 78 , 128, 81 , 128, 90 , 
128, 92 , 128, 103 , 128, 114 , 128, 125 , 128, 2 , 129, 7 , 
129, 27 , 129, 35 , 129, 42 , 129, 48 , 129, 54 , 129, 59 , 
129, 65 , 129, 74 , 129, 83 , 129, 85 , 129, 99 , 129, 100 , 
129, 101 , 129, 109 , 129, 119 , 129, 120 , 129, 123 , 129, 127 
, 129, 3 , 130, 4 , 130, 8 , 130, 24 , 130, 42 , 130, 43 , 
130, 53 , 130, 59 , 130, 65 , 130, 80 , 130, 81 , 130, 82 , 
130, 83 , 130, 94 , 130, 95 , 130, 97 , 130, 1 , 131, 2 , 131, 
39 , 131, 54 , 131, 58 , 131, 90 , 131, 91 , 131, 97 , 131, 99 
, 131, 109 , 131, 112 , 131, 6 , 132, 13 , 132, 23 , 132, 27 , 
132, 35 , 132, 37 , 132, 40 , 132, 46 , 132, 48 , 132, 78 , 
132, 82 , 132, 84 , 132, 90 , 132, 92 , 132, 97 , 132, 105 , 
132, 107 , 132, 110 , 132, 111 , 132, 121 , 132, 128 , 132, 129 
, 132, 1 , 133, 16 , 133, 25 , 133, 27 , 133, 31 , 133, 36 , 
133, 41 , 133, 54 , 133, 61 , 133, 70 , 133, 75 , 133, 77 , 
133, 92 , 133, 99 , 133, 101 , 133, 105 , 133, 128 , 133, 11 , 
134, 24 , 134, 27 , 134, 28 , 134, 37 , 134, 41 , 134, 72 , 
134, 74 , 134, 76 , 134, 87 , 134, 90 , 134, 91 , 134, 93 , 
134, 94 , 134, 102 , 134, 118 , 134, 131 , 134, 132 , 134, 10 , 
135, 14 , 135, 20 , 135, 32 , 135, 38 , 135, 43 , 135, 48 , 
135, 49 , 135, 53 , 135, 58 , 135, 66 , 135, 68 , 135, 72 , 
135, 74 , 135, 78 , 135, 79 , 135, 82 , 135, 83 , 135, 86 , 
135, 93 , 135, 98 , 135, 99 , 135, 100 , 135, 119 , 135, 13 , 
136, 24 , 136, 28 , 136, 35 , 136, 38 , 136, 41 , 136, 47 , 
136, 50 , 136, 74 , 136, 76 , 136, 80 , 136, 81 , 136, 82 , 
136, 83 , 136, 106 , 136, 112 , 136, 117 , 136, 131 , 136, 133 
, 136, 1 , 137, 27 , 137, 30 , 137, 40 , 137, 49 , 137, 61 , 
137, 62 , 137, 67 , 137, 74 , 137, 82 , 137, 87 , 137, 96 , 
137, 101 , 137, 104 , 137, 124 , 137, 126 , 137, 127 , 137, 134 
, 137, 2 , 138, 3 , 138, 5 , 138, 6 , 138, 11 , 138, 37 , 138, 
39 , 138, 45 , 138, 65 , 138, 82 , 138, 84 , 138, 85 , 138, 86 
, 138, 88 , 138, 104 , 138, 111 , 138, 114 , 138, 128 , 138, 
130 , 138, 131 , 138, 134 , 138, 4 , 139, 5 , 139, 7 , 139, 9 
, 139, 10 , 139, 20 , 139, 21 , 139, 24 , 139, 25 , 139, 35 , 
139, 39 , 139, 42 , 139, 61 , 139, 63 , 139, 80 , 139, 81 , 
139, 114 , 139, 119 , 139, 120 , 139, 122 , 139, 124 , 139, 1 , 
140, 4 , 140, 10 , 140, 11 , 140, 15 , 140, 16 , 140, 19 , 140, 
23 , 140, 46 , 140, 49 , 140, 54 , 140, 59 , 140, 63 , 140, 65 
, 140, 67 , 140, 70 , 140, 93 , 140, 112 , 140, 115 , 140, 121 
, 140, 130 , 140, 134 , 140, 138 , 140, 1 , 141, 17 , 141, 19 
, 141, 37 , 141, 39 , 141, 61 , 141, 63 , 141, 72 , 141, 74 , 
141, 79 , 141, 81 , 141, 84 , 141, 94 , 141, 98 , 141, 106 , 
141, 107 , 141, 115 , 141, 120 , 141, 127 , 141, 129 , 141, 133 
, 141, 140 , 141, 5 , 142, 20 , 142, 28 , 142, 32 , 142, 33 , 
142, 52 , 142, 61 , 142, 65 , 142, 68 , 142, 70 , 142, 73 , 
142, 83 , 142, 85 , 142, 89 , 142, 93 , 142, 94 , 142, 98 , 
142, 102 , 142, 112 , 142, 117 , 142, 118 , 142, 128 , 142, 129 
, 142, 131 , 142, 1 , 143, 26 , 143, 28 , 143, 32 , 143, 34 , 
143, 41 , 143, 42 , 143, 49 , 143, 52 , 143, 54 , 143, 60 , 
143, 65 , 143, 68 , 143, 71 , 143, 73 , 143, 76 , 143, 78 , 
143, 81 , 143, 86 , 143, 92 , 143, 93 , 143, 96 , 143, 98 , 
143, 99 , 143, 102 , 143, 108 , 143, 109 , 143, 112 , 143, 134 
, 143, 137 , 143, 8 , 144, 15 , 144, 17 , 144, 32 , 144, 43 , 
144, 46 , 144, 47 , 144, 48 , 144, 53 , 144, 55 , 144, 59 , 
144, 60 , 144, 71 , 144, 73 , 144, 81 , 144, 90 , 144, 94 , 
144, 107 , 144, 122 , 144, 135 , 144, 138 , 144, 3 , 145, 6 , 
145, 13 , 145, 19 , 145, 22 , 145, 28 , 145, 29 , 145, 55 , 
145, 62 , 145, 65 , 145, 72 , 145, 74 , 145, 75 , 145, 87 , 
145, 88 , 145, 98 , 145, 107 , 145, 108 , 145, 110 , 145, 119 , 
145, 137 , 145, 140 , 145, 141 , 145, 8 , 146, 19 , 146, 36 , 
146, 40 , 146, 46 , 146, 47 , 146, 55 , 146, 59 , 146, 60 , 
146, 61 , 146, 66 , 146, 77 , 146, 79 , 146, 80 , 146, 82 , 
146, 83 , 146, 85 , 146, 86 , 146, 87 , 146, 92 , 146, 100 , 
146, 102 , 146, 107 , 146, 109 , 146, 116 , 146, 119 , 146, 122 
, 146, 123 , 146, 132 , 146, 138 , 146, 143 , 146, 144 , 146, 7 
, 147, 23 , 147, 24 , 147, 52 , 147, 54 , 147, 57 , 147, 58 , 
147, 59 , 147, 64 , 147, 66 , 147, 74 , 147, 80 , 147, 90 , 
147, 94 , 147, 107 , 147, 115 , 147, 127 , 147, 130 , 147, 138 
, 147, 143 , 147, 4 , 148, 10 , 148, 13 , 148, 17 , 148, 20 , 
148, 22 , 148, 24 , 148, 30 , 148, 36 , 148, 47 , 148, 52 , 
148, 53 , 148, 67 , 148, 68 , 148, 69 , 148, 71 , 148, 74 , 
148, 83 , 148, 88 , 148, 89 , 148, 92 , 148, 99 , 148, 103 , 
148, 115 , 148, 118 , 148, 120 , 148, 133 , 148, 143 , 148, 145 
, 148, 26 , 149, 28 , 149, 33 , 149, 36 , 149, 43 , 149, 47 , 
149, 62 , 149, 63 , 149, 73 , 149, 81 , 149, 93 , 149, 96 , 
149, 108 , 149, 128 , 149, 134 , 149, 143 , 149, 1 , 150, 2 , 
150, 3 , 150, 8 , 150, 27 , 150, 29 , 150, 32 , 150, 33 , 150, 
36 , 150, 49 , 150, 51 , 150, 58 , 150, 98 , 150, 112 , 150, 
113 , 150, 117 , 150, 121 , 150, 122 , 150, 128 , 150, 129 , 
150, 134 , 150, 144 , 150, 146 , 150, 147 , 150, 1 , 151, 24 , 
151, 42 , 151, 46 , 151, 71 , 151, 80 , 151, 83 , 151, 84 , 
151, 87 , 151, 91 , 151, 92 , 151, 93 , 151, 100 , 151, 102 , 
151, 104 , 151, 110 , 151, 114 , 151, 134 , 151, 141 , 151, 147 
, 151, 5 , 152, 7 , 152, 10 , 152, 13 , 152, 27 , 152, 28 , 
152, 40 , 152, 42 , 152, 46 , 152, 48 , 152, 56 , 152, 59 , 
152, 68 , 152, 69 , 152, 72 , 152, 92 , 152, 94 , 152, 111 , 
152, 115 , 152, 127 , 152, 144 , 152, 7 , 153, 9 , 153, 33 , 
153, 34 , 153, 38 , 153, 41 , 153, 48 , 153, 50 , 153, 54 , 
153, 73 , 153, 76 , 153, 91 , 153, 92 , 153, 95 , 153, 104 , 
153, 105 , 153, 113 , 153, 115 , 153, 118 , 153, 137 , 153, 144 
, 153, 151 , 153, 2 , 154, 3 , 154, 4 , 154, 5 , 154, 23 , 
154, 31 , 154, 36 , 154, 38 , 154, 40 , 154, 43 , 154, 48 , 
154, 64 , 154, 66 , 154, 67 , 154, 72 , 154, 76 , 154, 83 , 
154, 85 , 154, 87 , 154, 93 , 154, 95 , 154, 96 , 154, 99 , 
154, 100 , 154, 103 , 154, 123 , 154, 125 , 154, 145 , 154, 147 
, 154, 2 , 155, 7 , 155, 10 , 155, 20 , 155, 34 , 155, 36 , 
155, 40 , 155, 47 , 155, 56 , 155, 59 , 155, 68 , 155, 79 , 
155, 84 , 155, 90 , 155, 92 , 155, 97 , 155, 103 , 155, 105 , 
155, 106 , 155, 109 , 155, 111 , 155, 117 , 155, 120 , 155, 124 
, 155, 126 , 155, 130 , 155, 133 , 155, 144 , 155, 148 , 155, 
14 , 156, 28 , 156, 30 , 156, 49 , 156, 55 , 156, 73 , 156, 79 
, 156, 91 , 156, 97 , 156, 98 , 156, 117 , 156, 123 , 156, 126 
, 156, 130 , 156, 139 , 156, 142 , 156, 145 , 156, 148 , 156, 
151 , 156, 23 , 157, 29 , 157, 34 , 157, 43 , 157, 44 , 157, 47 
, 157, 48 , 157, 52 , 157, 55 , 157, 64 , 157, 79 , 157, 84 , 
157, 85 , 157, 91 , 157, 94 , 157, 96 , 157, 104 , 157, 108 , 
157, 118 , 157, 122 , 157, 124 , 157, 131 , 157, 135 , 157, 137 
, 157, 4 , 158, 13 , 158, 22 , 158, 24 , 158, 34 , 158, 37 , 
158, 43 , 158, 65 , 158, 79 , 158, 81 , 158, 82 , 158, 84 , 
158, 86 , 158, 87 , 158, 90 , 158, 110 , 158, 113 , 158, 115 , 
158, 118 , 158, 122 , 158, 124 , 158, 125 , 158, 138 , 158, 141 
, 158, 150 , 158, 152 , 158, 156 , 158, 16 , 159, 22 , 159, 26 
, 159, 34 , 159, 43 , 159, 54 , 159, 58 , 159, 73 , 159, 78 , 
159, 81 , 159, 83 , 159, 94 , 159, 105 , 159, 142 , 159, 145 , 
159, 151 , 159, 8 , 160, 13 , 160, 19 , 160, 20 , 160, 22 , 
160, 26 , 160, 33 , 160, 47 , 160, 54 , 160, 56 , 160, 57 , 
160, 71 , 160, 72 , 160, 73 , 160, 81 , 160, 86 , 160, 87 , 
160, 88 , 160, 95 , 160, 101 , 160, 103 , 160, 104 , 160, 114 , 
160, 115 , 160, 120 , 160, 129 , 160, 131 , 160, 132 , 160, 134 
, 160, 150 , 160, 154 , 160, 157 , 160, 2 , 161, 12 , 161, 33 
, 161, 37 , 161, 56 , 161, 67 , 161, 80 , 161, 85 , 161, 88 , 
161, 93 , 161, 102 , 161, 103 , 161, 104 , 161, 110 , 161, 121 
, 161, 123 , 161, 124 , 161, 129 , 161, 130 , 161, 132 , 161, 
140 , 161, 142 , 161, 151 , 161, 153 , 161, 156 , 161, 11 , 
162, 23 , 162, 27 , 162, 28 , 162, 40 , 162, 41 , 162, 55 , 
162, 62 , 162, 63 , 162, 71 , 162, 82 , 162, 83 , 162, 86 , 
162, 94 , 162, 100 , 162, 103 , 162, 104 , 162, 116 , 162, 117 
, 162, 121 , 162, 126 , 162, 131 , 162, 159 , 162, 20 , 163, 31 
, 163, 33 , 163, 39 , 163, 41 , 163, 74 , 163, 76 , 163, 83 , 
163, 86 , 163, 103 , 163, 122 , 163, 125 , 163, 129 , 163, 131 
, 163, 132 , 163, 137 , 163, 154 , 163, 161 , 163, 162 , 163, 3 
, 164, 7 , 164, 17 , 164, 26 , 164, 36 , 164, 37 , 164, 46 , 
164, 59 , 164, 75 , 164, 78 , 164, 83 , 164, 88 , 164, 89 , 
164, 95 , 164, 101 , 164, 102 , 164, 104 , 164, 109 , 164, 111 
, 164, 124 , 164, 131 , 164, 133 , 164, 136 , 164, 155 , 164, 
156 , 164, 162 , 164, 2 , 165, 4 , 165, 8 , 165, 13 , 165, 20 
, 165, 29 , 165, 31 , 165, 34 , 165, 46 , 165, 47 , 165, 57 , 
165, 64 , 165, 65 , 165, 68 , 165, 70 , 165, 83 , 165, 88 , 
165, 92 , 165, 108 , 165, 139 , 165, 141 , 165, 142 , 165, 143 
, 165, 145 , 165, 147 , 165, 154 , 165, 160 , 165, 163 , 165, 
10 , 166, 12 , 166, 14 , 166, 18 , 166, 19 , 166, 45 , 166, 47 
, 166, 48 , 166, 53 , 166, 57 , 166, 65 , 166, 71 , 166, 75 , 
166, 78 , 166, 81 , 166, 83 , 166, 85 , 166, 90 , 166, 91 , 
166, 100 , 166, 104 , 166, 112 , 166, 114 , 166, 119 , 166, 123 
, 166, 127 , 166, 129 , 166, 133 , 166, 145 , 166, 147 , 166, 
150 , 166, 155 , 166, 159 , 166, 160 , 166, 164 , 166, 2 , 167, 
4 , 167, 12 , 167, 13 , 167, 14 , 167, 29 , 167, 30 , 167, 38 
, 167, 43 , 167, 44 , 167, 45 , 167, 51 , 167, 54 , 167, 59 , 
167, 66 , 167, 72 , 167, 74 , 167, 84 , 167, 91 , 167, 99 , 
167, 100 , 167, 122 , 167, 124 , 167, 139 , 167, 145 , 167, 146 
, 167, 163 , 167, 3 , 168, 5 , 168, 7 , 168, 16 , 168, 24 , 
168, 30 , 168, 31 , 168, 35 , 168, 44 , 168, 46 , 168, 50 , 
168, 61 , 168, 67 , 168, 75 , 168, 76 , 168, 87 , 168, 107 , 
168, 115 , 168, 116 , 168, 136 , 168, 139 , 168, 141 , 168, 145 
, 168, 151 , 168, 161 , 168, 162 , 168, 164 , 168, 165 , 168, 5 
, 169, 12 , 169, 14 , 169, 18 , 169, 34 , 169, 48 , 169, 56 , 
169, 67 , 169, 73 , 169, 75 , 169, 84 , 169, 88 , 169, 92 , 
169, 99 , 169, 112 , 169, 123 , 169, 135 , 169, 140 , 169, 151 
, 169, 156 , 169, 164 , 169, 168 , 169, 3 , 170, 38 , 170, 49 
, 170, 62 , 170, 71 , 170, 82 , 170, 84 , 170, 91 , 170, 113 , 
170, 122 , 170, 132 , 170, 137 , 170, 145 , 170, 146 , 170, 147 
, 170, 154 , 170, 160 , 170, 163 , 170, 36 , 171, 49 , 171, 54 
, 171, 87 , 171, 98 , 171, 100 , 171, 106 , 171, 109 , 171, 118 
, 171, 127 , 171, 133 , 171, 134 , 171, 143 , 171, 155 , 171, 
165 , 171, 2 , 172, 7 , 172, 13 , 172, 15 , 172, 19 , 172, 27 
, 172, 30 , 172, 31 , 172, 33 , 172, 38 , 172, 42 , 172, 49 , 
172, 54 , 172, 63 , 172, 64 , 172, 71 , 172, 72 , 172, 82 , 
172, 85 , 172, 86 , 172, 94 , 172, 100 , 172, 105 , 172, 121 , 
172, 129 , 172, 134 , 172, 151 , 172, 156 , 172, 160 , 172, 1 , 
173, 5 , 173, 11 , 173, 13 , 173, 15 , 173, 22 , 173, 28 , 173, 
29 , 173, 33 , 173, 48 , 173, 66 , 173, 85 , 173, 87 , 173, 97 
, 173, 103 , 173, 107 , 173, 108 , 173, 114 , 173, 118 , 173, 
140 , 173, 147 , 173, 150 , 173, 161 , 173, 164 , 173, 165 , 
173, 166 , 173, 167 , 173, 1 , 174, 2 , 174, 15 , 174, 25 , 
174, 32 , 174, 34 , 174, 37 , 174, 43 , 174, 49 , 174, 51 , 
174, 57 , 174, 66 , 174, 67 , 174, 77 , 174, 79 , 174, 96 , 
174, 97 , 174, 106 , 174, 109 , 174, 110 , 174, 115 , 174, 124 
, 174, 128 , 174, 131 , 174, 135 , 174, 138 , 174, 143 , 174, 
149 , 174, 151 , 174, 152 , 174, 162 , 174, 165 , 174, 166 , 
174, 173 , 174, 5 , 175, 7 , 175, 8 , 175, 16 , 175, 18 , 175, 
29 , 175, 36 , 175, 38 , 175, 40 , 175, 46 , 175, 67 , 175, 75 
, 175, 80 , 175, 83 , 175, 84 , 175, 87 , 175, 90 , 175, 93 , 
175, 107 , 175, 114 , 175, 120 , 175, 127 , 175, 133 , 175, 136 
, 175, 142 , 175, 143 , 175, 146 , 175, 152 , 175, 153 , 175, 
154 , 175, 167 , 175, 168 , 175, 171 , 175, 1 , 176, 2 , 176, 3 
, 176, 4 , 176, 6 , 176, 18 , 176, 24 , 176, 25 , 176, 47 , 
176, 54 , 176, 62 , 176, 63 , 176, 75 , 176, 81 , 176, 83 , 
176, 90 , 176, 93 , 176, 99 , 176, 118 , 176, 119 , 176, 120 , 
176, 121 , 176, 131 , 176, 134 , 176, 146 , 176, 148 , 176, 162 
, 176, 165 , 176, 175 , 176, 16 , 177, 18 , 177, 27 , 177, 35 
, 177, 36 , 177, 43 , 177, 49 , 177, 54 , 177, 55 , 177, 63 , 
177, 76 , 177, 87 , 177, 91 , 177, 97 , 177, 98 , 177, 101 , 
177, 127 , 177, 149 , 177, 152 , 177, 153 , 177, 1 , 178, 3 , 
178, 7 , 178, 16 , 178, 20 , 178, 24 , 178, 41 , 178, 57 , 178, 
58 , 178, 61 , 178, 63 , 178, 74 , 178, 75 , 178, 77 , 178, 89 
, 178, 95 , 178, 101 , 178, 102 , 178, 103 , 178, 105 , 178, 
119 , 178, 124 , 178, 140 , 178, 141 , 178, 145 , 178, 147 , 
178, 148 , 178, 153 , 178, 163 , 178, 174 , 178, 1 , 179, 9 , 
179, 12 , 179, 21 , 179, 29 , 179, 42 , 179, 46 , 179, 54 , 
179, 58 , 179, 61 , 179, 80 , 179, 94 , 179, 95 , 179, 99 , 
179, 115 , 179, 119 , 179, 133 , 179, 137 , 179, 148 , 179, 153 
, 179, 154 , 179, 164 , 179, 167 , 179, 172 , 179, 174 , 179, 
13 , 180, 18 , 180, 21 , 180, 23 , 180, 31 , 180, 46 , 180, 47 
, 180, 50 , 180, 59 , 180, 74 , 180, 78 , 180, 83 , 180, 95 , 
180, 97 , 180, 99 , 180, 118 , 180, 120 , 180, 123 , 180, 129 , 
180, 130 , 180, 140 , 180, 141 , 180, 145 , 180, 154 , 180, 165 
, 180, 166 , 180, 172 , 180, 177 , 180, 4 , 181, 6 , 181, 9 , 
181, 15 , 181, 16 , 181, 17 , 181, 25 , 181, 28 , 181, 32 , 
181, 33 , 181, 36 , 181, 49 , 181, 53 , 181, 75 , 181, 80 , 
181, 83 , 181, 97 , 181, 134 , 181, 135 , 181, 142 , 181, 147 , 
181, 151 , 181, 159 , 181, 171 , 181, 180 , 181, 7 , 182, 15 , 
182, 16 , 182, 28 , 182, 34 , 182, 35 , 182, 41 , 182, 58 , 
182, 75 , 182, 81 , 182, 84 , 182, 86 , 182, 94 , 182, 97 , 
182, 107 , 182, 112 , 182, 117 , 182, 120 , 182, 129 , 182, 132 
, 182, 135 , 182, 138 , 182, 139 , 182, 143 , 182, 148 , 182, 
152 , 182, 153 , 182, 173 , 182, 178 , 182, 180 , 182, 4 , 183, 
8 , 183, 11 , 183, 17 , 183, 25 , 183, 26 , 183, 41 , 183, 42 
, 183, 62 , 183, 75 , 183, 76 , 183, 78 , 183, 81 , 183, 82 , 
183, 113 , 183, 117 , 183, 124 , 183, 126 , 183, 128 , 183, 138 
, 183, 145 , 183, 152 , 183, 157 , 183, 171 , 183, 178 , 183, 
180 , 183, 181 , 183, 182 , 183, 3 , 184, 5 , 184, 8 , 184, 17 
, 184, 36 , 184, 40 , 184, 59 , 184, 70 , 184, 73 , 184, 77 , 
184, 83 , 184, 87 , 184, 90 , 184, 97 , 184, 101 , 184, 110 , 
184, 112 , 184, 121 , 184, 149 , 184, 159 , 184, 162 , 184, 166 
, 184, 177 , 184, 6 , 185, 7 , 185, 16 , 185, 21 , 185, 30 , 
185, 49 , 185, 58 , 185, 64 , 185, 75 , 185, 79 , 185, 82 , 
185, 85 , 185, 91 , 185, 99 , 185, 112 , 185, 114 , 185, 126 , 
185, 134 , 185, 136 , 185, 144 , 185, 156 , 185, 171 , 185, 178 
, 185, 179 , 185, 184 , 185, 5 , 186, 8 , 186, 29 , 186, 41 , 
186, 42 , 186, 44 , 186, 48 , 186, 54 , 186, 55 , 186, 58 , 
186, 64 , 186, 82 , 186, 84 , 186, 85 , 186, 93 , 186, 95 , 
186, 105 , 186, 113 , 186, 116 , 186, 118 , 186, 120 , 186, 139 
, 186, 141 , 186, 145 , 186, 158 , 186, 163 , 186, 165 , 186, 
166 , 186, 167 , 186, 170 , 186, 173 , 186, 5 , 187, 12 , 187, 
23 , 187, 24 , 187, 25 , 187, 29 , 187, 41 , 187, 47 , 187, 51 
, 187, 62 , 187, 67 , 187, 68 , 187, 72 , 187, 88 , 187, 89 , 
187, 95 , 187, 99 , 187, 103 , 187, 107 , 187, 110 , 187, 112 , 
187, 119 , 187, 121 , 187, 123 , 187, 132 , 187, 140 , 187, 148 
, 187, 170 , 187, 173 , 187, 3 , 188, 9 , 188, 16 , 188, 20 , 
188, 21 , 188, 24 , 188, 38 , 188, 40 , 188, 70 , 188, 78 , 
188, 82 , 188, 88 , 188, 104 , 188, 108 , 188, 114 , 188, 119 , 
188, 122 , 188, 127 , 188, 132 , 188, 133 , 188, 141 , 188, 149 
, 188, 151 , 188, 155 , 188, 26 , 189, 28 , 189, 33 , 189, 39 
, 189, 47 , 189, 62 , 189, 64 , 189, 74 , 189, 76 , 189, 79 , 
189, 93 , 189, 98 , 189, 108 , 189, 113 , 189, 120 , 189, 141 , 
189, 146 , 189, 153 , 189, 154 , 189, 157 , 189, 164 , 189, 171 
, 189, 176 , 189, 187 , 189, 14 , 190, 15 , 190, 19 , 190, 23 
, 190, 26 , 190, 28 , 190, 29 , 190, 30 , 190, 43 , 190, 56 , 
190, 74 , 190, 76 , 190, 80 , 190, 82 , 190, 85 , 190, 108 , 
190, 121 , 190, 128 , 190, 131 , 190, 140 , 190, 158 , 190, 172 
, 190, 185 , 190, 188 , 190, 1 , 191, 3 , 191, 4 , 191, 14 , 
191, 17 , 191, 30 , 191, 32 , 191, 52 , 191, 56 , 191, 58 , 
191, 60 , 191, 64 , 191, 69 , 191, 79 , 191, 81 , 191, 85 , 
191, 87 , 191, 94 , 191, 95 , 191, 102 , 191, 103 , 191, 113 , 
191, 126 , 191, 130 , 191, 136 , 191, 137 , 191, 144 , 191, 156 
, 191, 160 , 191, 162 , 191, 163 , 191, 167 , 191, 186 , 191, 
187 , 191, 3 , 192, 22 , 192, 54 , 192, 56 , 192, 60 , 192, 87 
, 192, 91 , 192, 95 , 192, 103 , 192, 106 , 192, 130 , 192, 131 
, 192, 135 , 192, 152 , 192, 156 , 192, 160 , 192, 164 , 192, 
170 , 192, 183 , 192, 8 , 193, 9 , 193, 14 , 193, 27 , 193, 30 
, 193, 36 , 193, 66 , 193, 73 , 193, 80 , 193, 92 , 193, 95 , 
193, 101 , 193, 106 , 193, 126 , 193, 131 , 193, 132 , 193, 137 
, 193, 138 , 193, 140 , 193, 144 , 193, 149 , 193, 153 , 193, 
160 , 193, 174 , 193, 175 , 193, 176 , 193, 177 , 193, 178 , 
193, 182 , 193, 183 , 193, 2 , 194, 3 , 194, 4 , 194, 18 , 194, 
25 , 194, 29 , 194, 42 , 194, 44 , 194, 46 , 194, 49 , 194, 55 
, 194, 61 , 194, 72 , 194, 75 , 194, 84 , 194, 85 , 194, 87 , 
194, 92 , 194, 104 , 194, 115 , 194, 116 , 194, 128 , 194, 129 
, 194, 132 , 194, 142 , 194, 144 , 194, 153 , 194, 166 , 194, 
175 , 194, 178 , 194, 183 , 194, 184 , 194, 192 , 194, 13 , 
195, 15 , 195, 19 , 195, 22 , 195, 25 , 195, 26 , 195, 32 , 
195, 39 , 195, 57 , 195, 62 , 195, 84 , 195, 93 , 195, 96 , 
195, 108 , 195, 111 , 195, 114 , 195, 123 , 195, 134 , 195, 136 
, 195, 143 , 195, 145 , 195, 158 , 195, 164 , 195, 172 , 195, 
187 , 195, 189 , 195, 191 , 195, 192 , 195, 194 , 195, 6 , 196, 
35 , 196, 41 , 196, 46 , 196, 59 , 196, 63 , 196, 75 , 196, 76 
, 196, 80 , 196, 92 , 196, 95 , 196, 100 , 196, 105 , 196, 116 
, 196, 128 , 196, 136 , 196, 137 , 196, 139 , 196, 149 , 196, 
151 , 196, 159 , 196, 160 , 196, 167 , 196, 180 , 196, 181 , 
196, 4 , 197, 21 , 197, 26 , 197, 38 , 197, 39 , 197, 41 , 197, 
44 , 197, 45 , 197, 51 , 197, 69 , 197, 73 , 197, 78 , 197, 94 
, 197, 95 , 197, 96 , 197, 108 , 197, 110 , 197, 130 , 197, 149 
, 197, 161 , 197, 172 , 197, 185 , 197, 189 , 197, 191 , 197, 
192 , 197, 194 , 197, 5 , 198, 7 , 198, 13 , 198, 15 , 198, 17 
, 198, 18 , 198, 19 , 198, 32 , 198, 34 , 198, 36 , 198, 48 , 
198, 58 , 198, 59 , 198, 82 , 198, 95 , 198, 106 , 198, 120 , 
198, 132 , 198, 138 , 198, 149 , 198, 158 , 198, 159 , 198, 161 
, 198, 163 , 198, 176 , 198, 181 , 198, 184 , 198, 185 , 198, 
194 , 198, 1 , 199, 4 , 199, 6 , 199, 9 , 199, 13 , 199, 17 , 
199, 32 , 199, 33 , 199, 34 , 199, 37 , 199, 50 , 199, 60 , 
199, 66 , 199, 67 , 199, 71 , 199, 72 , 199, 77 , 199, 78 , 
199, 83 , 199, 85 , 199, 86 , 199, 88 , 199, 105 , 199, 109 , 
199, 114 , 199, 117 , 199, 122 , 199, 125 , 199, 141 , 199, 152 
, 199, 158 , 199, 159 , 199, 169 , 199, 187 , 199, 9 , 200, 18 
, 200, 22 , 200, 23 , 200, 27 , 200, 29 , 200, 41 , 200, 42 , 
200, 49 , 200, 53 , 200, 54 , 200, 62 , 200, 69 , 200, 74 , 
200, 86 , 200, 91 , 200, 98 , 200, 100 , 200, 106 , 200, 110 , 
200, 117 , 200, 137 , 200, 139 , 200, 141 , 200, 143 , 200, 149 
, 200, 150 , 200, 153 , 200, 154 , 200, 159 , 200, 167 , 200, 
174 , 200, 176 , 200, 185 , 200, 199 , 200, 5 , 201, 7 , 201, 
24 , 201, 35 , 201, 40 , 201, 65 , 201, 70 , 201, 71 , 201, 77 
, 201, 83 , 201, 84 , 201, 88 , 201, 90 , 201, 102 , 201, 103 
, 201, 110 , 201, 112 , 201, 129 , 201, 134 , 201, 150 , 201, 
152 , 201, 163 , 201, 174 , 201, 176 , 201, 183 , 201, 186 , 
201, 193 , 201, 199 , 201, 2 , 202, 7 , 202, 32 , 202, 39 , 
202, 40 , 202, 45 , 202, 49 , 202, 52 , 202, 56 , 202, 57 , 
202, 58 , 202, 71 , 202, 73 , 202, 77 , 202, 78 , 202, 82 , 
202, 92 , 202, 95 , 202, 103 , 202, 106 , 202, 107 , 202, 109 , 
202, 121 , 202, 124 , 202, 137 , 202, 158 , 202, 168 , 202, 173 
, 202, 177 , 202, 181 , 202, 185 , 202, 189 , 202, 194 , 202, 
199 , 202, 12 , 203, 16 , 203, 19 , 203, 42 , 203, 57 , 203, 62 
, 203, 76 , 203, 83 , 203, 91 , 203, 94 , 203, 103 , 203, 111 
, 203, 113 , 203, 117 , 203, 144 , 203, 150 , 203, 160 , 203, 
174 , 203, 186 , 203, 193 , 203, 200 , 203, 202 , 203, 24 , 
204, 37 , 204, 44 , 204, 47 , 204, 54 , 204, 57 , 204, 63 , 
204, 67 , 204, 76 , 204, 89 , 204, 93 , 204, 95 , 204, 105 , 
204, 108 , 204, 121 , 204, 127 , 204, 140 , 204, 154 , 204, 155 
, 204, 161 , 204, 169 , 204, 183 , 204, 185 , 204, 187 , 204, 
196 , 204, 197 , 204, 200 , 204, 29 , 205, 48 , 205, 49 , 205, 
62 , 205, 64 , 205, 72 , 205, 81 , 205, 85 , 205, 89 , 205, 90 
, 205, 101 , 205, 104 , 205, 107 , 205, 110 , 205, 117 , 205, 
128 , 205, 132 , 205, 135 , 205, 137 , 205, 143 , 205, 153 , 
205, 186 , 205, 187 , 205, 192 , 205, 197 , 205, 199 , 205, 11 
, 206, 23 , 206, 30 , 206, 34 , 206, 40 , 206, 44 , 206, 49 , 
206, 63 , 206, 75 , 206, 81 , 206, 82 , 206, 87 , 206, 94 , 
206, 97 , 206, 123 , 206, 131 , 206, 134 , 206, 140 , 206, 149 
, 206, 150 , 206, 152 , 206, 163 , 206, 174 , 206, 176 , 206, 
193 , 206, 203 , 206, 204 , 206, 3 , 207, 13 , 207, 15 , 207, 
17 , 207, 26 , 207, 30 , 207, 46 , 207, 53 , 207, 57 , 207, 59 
, 207, 67 , 207, 106 , 207, 122 , 207, 133 , 207, 144 , 207, 
149 , 207, 151 , 207, 179 , 207, 183 , 207, 203 , 207, 2 , 208, 
5 , 208, 6 , 208, 19 , 208, 22 , 208, 30 , 208, 41 , 208, 93 , 
208, 99 , 208, 101 , 208, 105 , 208, 111 , 208, 113 , 208, 114 
, 208, 119 , 208, 123 , 208, 131 , 208, 137 , 208, 163 , 208, 
173 , 208, 179 , 208, 185 , 208, 203 , 208, 8 , 209, 15 , 209, 
18 , 209, 36 , 209, 53 , 209, 57 , 209, 60 , 209, 72 , 209, 73 
, 209, 84 , 209, 95 , 209, 101 , 209, 115 , 209, 124 , 209, 131 
, 209, 143 , 209, 144 , 209, 147 , 209, 155 , 209, 158 , 209, 
163 , 209, 172 , 209, 181 , 209, 185 , 209, 207 , 209, 7 , 210, 
12 , 210, 18 , 210, 22 , 210, 23 , 210, 27 , 210, 33 , 210, 42 
, 210, 43 , 210, 45 , 210, 60 , 210, 61 , 210, 64 , 210, 72 , 
210, 83 , 210, 84 , 210, 91 , 210, 93 , 210, 94 , 210, 96 , 
210, 125 , 210, 143 , 210, 145 , 210, 152 , 210, 161 , 210, 171 
, 210, 172 , 210, 174 , 210, 180 , 210, 205 , 210, 209 , 210, 
11 , 211, 12 , 211, 17 , 211, 29 , 211, 46 , 211, 57 , 211, 58 
, 211, 70 , 211, 74 , 211, 76 , 211, 84 , 211, 88 , 211, 123 , 
211, 124 , 211, 127 , 211, 130 , 211, 131 , 211, 145 , 211, 170 
, 211, 176 , 211, 182 , 211, 186 , 211, 191 , 211, 199 , 211, 
203 , 211, 209 , 211, 8 , 212, 11 , 212, 14 , 212, 15 , 212, 17 
, 212, 38 , 212, 39 , 212, 45 , 212, 48 , 212, 60 , 212, 73 , 
212, 75 , 212, 89 , 212, 104 , 212, 107 , 212, 113 , 212, 114 , 
212, 116 , 212, 117 , 212, 133 , 212, 136 , 212, 142 , 212, 146 
, 212, 147 , 212, 155 , 212, 163 , 212, 171 , 212, 172 , 212, 
179 , 212, 181 , 212, 185 , 212, 197 , 212, 25 , 213, 40 , 213, 
42 , 213, 52 , 213, 59 , 213, 61 , 213, 66 , 213, 73 , 213, 76 
, 213, 83 , 213, 91 , 213, 97 , 213, 101 , 213, 103 , 213, 105 
, 213, 107 , 213, 109 , 213, 124 , 213, 129 , 213, 138 , 213, 
140 , 213, 141 , 213, 163 , 213, 165 , 213, 171 , 213, 173 , 
213, 177 , 213, 179 , 213, 180 , 213, 182 , 213, 191 , 213, 201 
, 213, 202 , 213, 212 , 213, 3 , 214, 7 , 214, 9 , 214, 10 , 
214, 17 , 214, 33 , 214, 41 , 214, 47 , 214, 60 , 214, 64 , 
214, 73 , 214, 80 , 214, 82 , 214, 83 , 214, 84 , 214, 92 , 
214, 99 , 214, 107 , 214, 113 , 214, 124 , 214, 142 , 214, 144 
, 214, 146 , 214, 150 , 214, 151 , 214, 152 , 214, 154 , 214, 
156 , 214, 157 , 214, 161 , 214, 180 , 214, 181 , 214, 187 , 
214, 188 , 214, 212 , 214, 3 , 215, 6 , 215, 14 , 215, 17 , 
215, 31 , 215, 43 , 215, 59 , 215, 62 , 215, 63 , 215, 73 , 
215, 90 , 215, 91 , 215, 95 , 215, 98 , 215, 103 , 215, 104 , 
215, 106 , 215, 120 , 215, 125 , 215, 129 , 215, 130 , 215, 132 
, 215, 135 , 215, 141 , 215, 151 , 215, 159 , 215, 167 , 215, 
169 , 215, 170 , 215, 191 , 215, 192 , 215, 193 , 215, 197 , 
215, 198 , 215, 199 , 215, 204 , 215, 207 , 215, 209 , 215, 15 
, 216, 16 , 216, 22 , 216, 23 , 216, 24 , 216, 31 , 216, 32 , 
216, 35 , 216, 42 , 216, 43 , 216, 49 , 216, 51 , 216, 53 , 
216, 57 , 216, 74 , 216, 79 , 216, 81 , 216, 89 , 216, 93 , 
216, 97 , 216, 98 , 216, 99 , 216, 111 , 216, 120 , 216, 125 , 
216, 139 , 216, 142 , 216, 153 , 216, 156 , 216, 157 , 216, 162 
, 216, 163 , 216, 164 , 216, 167 , 216, 169 , 216, 170 , 216, 
177 , 216, 179 , 216, 181 , 216, 187 , 216, 196 , 216, 209 , 
216, 210 , 216, 213 , 216, 19 , 217, 20 , 217, 27 , 217, 31 , 
217, 34 , 217, 37 , 217, 50 , 217, 52 , 217, 54 , 217, 71 , 
217, 84 , 217, 99 , 217, 103 , 217, 105 , 217, 107 , 217, 111 , 
217, 114 , 217, 115 , 217, 125 , 217, 129 , 217, 135 , 217, 145 
, 217, 148 , 217, 149 , 217, 154 , 217, 163 , 217, 171 , 217, 
184 , 217, 185 , 217, 192 , 217, 210 , 217, 212 , 217, 215 , 
217, 216 , 217, 1 , 218, 10 , 218, 18 , 218, 20 , 218, 30 , 
218, 42 , 218, 59 , 218, 62 , 218, 63 , 218, 66 , 218, 80 , 
218, 95 , 218, 98 , 218, 107 , 218, 115 , 218, 125 , 218, 130 , 
218, 134 , 218, 136 , 218, 139 , 218, 142 , 218, 150 , 218, 178 
, 218, 182 , 218, 190 , 218, 191 , 218, 192 , 218, 201 , 218, 
203 , 218, 204 , 218, 206 , 218, 207 , 218, 212 , 218, 6 , 219, 
10 , 219, 18 , 219, 27 , 219, 29 , 219, 42 , 219, 65 , 219, 68 
, 219, 71 , 219, 73 , 219, 76 , 219, 86 , 219, 90 , 219, 91 , 
219, 92 , 219, 104 , 219, 116 , 219, 117 , 219, 126 , 219, 149 
, 219, 179 , 219, 180 , 219, 181 , 219, 182 , 219, 183 , 219, 
185 , 219, 214 , 219, 3 , 220, 9 , 220, 10 , 220, 33 , 220, 58 
, 220, 64 , 220, 71 , 220, 75 , 220, 80 , 220, 82 , 220, 86 , 
220, 112 , 220, 113 , 220, 129 , 220, 137 , 220, 141 , 220, 143 
, 220, 145 , 220, 162 , 220, 168 , 220, 173 , 220, 177 , 220, 
208 , 220, 216 , 220, 218 , 220, 5 , 221, 12 , 221, 14 , 221, 
20 , 221, 28 , 221, 30 , 221, 32 , 221, 35 , 221, 42 , 221, 67 
, 221, 69 , 221, 92 , 221, 99 , 221, 104 , 221, 105 , 221, 111 
, 221, 115 , 221, 116 , 221, 127 , 221, 129 , 221, 133 , 221, 
142 , 221, 145 , 221, 156 , 221, 170 , 221, 172 , 221, 174 , 
221, 191 , 221, 196 , 221, 197 , 221, 211 , 221, 216 , 221, 1 , 
222, 4 , 222, 5 , 222, 9 , 222, 12 , 222, 22 , 222, 38 , 222, 
42 , 222, 53 , 222, 58 , 222, 108 , 222, 112 , 222, 118 , 222, 
126 , 222, 143 , 222, 145 , 222, 153 , 222, 158 , 222, 161 , 
222, 171 , 222, 173 , 222, 181 , 222, 186 , 222, 188 , 222, 191 
, 222, 194 , 222, 196 , 222, 197 , 222, 214 , 222, 215 , 222, 
217 , 222, 218 , 222, 221 , 222, 3 , 223, 6 , 223, 9 , 223, 13 
, 223, 33 , 223, 37 , 223, 40 , 223, 41 , 223, 42 , 223, 45 , 
223, 47 , 223, 55 , 223, 59 , 223, 64 , 223, 69 , 223, 70 , 
223, 77 , 223, 82 , 223, 94 , 223, 122 , 223, 132 , 223, 133 , 
223, 136 , 223, 139 , 223, 161 , 223, 166 , 223, 174 , 223, 196 
, 223, 203 , 223, 209 , 223, 210 , 223, 211 , 223, 215 , 223, 8 
, 224, 12 , 224, 14 , 224, 26 , 224, 29 , 224, 56 , 224, 61 , 
224, 65 , 224, 67 , 224, 70 , 224, 80 , 224, 83 , 224, 93 , 
224, 94 , 224, 109 , 224, 111 , 224, 119 , 224, 129 , 224, 130 
, 224, 139 , 224, 144 , 224, 147 , 224, 148 , 224, 151 , 224, 
153 , 224, 154 , 224, 156 , 224, 172 , 224, 180 , 224, 190 , 
224, 191 , 224, 198 , 224, 201 , 224, 206 , 224, 21 , 225, 44 , 
225, 45 , 225, 48 , 225, 55 , 225, 58 , 225, 62 , 225, 70 , 
225, 72 , 225, 81 , 225, 97 , 225, 108 , 225, 118 , 225, 120 , 
225, 125 , 225, 133 , 225, 136 , 225, 141 , 225, 144 , 225, 151 
, 225, 156 , 225, 158 , 225, 160 , 225, 166 , 225, 204 , 225, 
216 , 225, 2 , 226, 8 , 226, 19 , 226, 55 , 226, 57 , 226, 64 
, 226, 74 , 226, 77 , 226, 81 , 226, 85 , 226, 86 , 226, 89 , 
226, 95 , 226, 102 , 226, 104 , 226, 108 , 226, 116 , 226, 120 
, 226, 130 , 226, 131 , 226, 141 , 226, 143 , 226, 156 , 226, 
160 , 226, 166 , 226, 169 , 226, 175 , 226, 180 , 226, 183 , 
226, 191 , 226, 193 , 226, 196 , 226, 199 , 226, 205 , 226, 212 
, 226, 214 , 226, 215 , 226, 223 , 226, 11 , 227, 20 , 227, 25 
, 227, 26 , 227, 39 , 227, 45 , 227, 48 , 227, 49 , 227, 61 , 
227, 66 , 227, 73 , 227, 86 , 227, 89 , 227, 94 , 227, 95 , 
227, 99 , 227, 110 , 227, 118 , 227, 130 , 227, 135 , 227, 143 
, 227, 156 , 227, 175 , 227, 177 , 227, 179 , 227, 182 , 227, 
185 , 227, 189 , 227, 190 , 227, 194 , 227, 196 , 227, 200 , 
227, 217 , 227, 221 , 227, 2 , 228, 8 , 228, 16 , 228, 23 , 
228, 34 , 228, 35 , 228, 40 , 228, 41 , 228, 50 , 228, 60 , 
228, 64 , 228, 71 , 228, 80 , 228, 84 , 228, 87 , 228, 95 , 
228, 102 , 228, 104 , 228, 105 , 228, 113 , 228, 118 , 228, 119 
, 228, 120 , 228, 121 , 228, 133 , 228, 141 , 228, 147 , 228, 
148 , 228, 154 , 228, 155 , 228, 177 , 228, 179 , 228, 186 , 
228, 187 , 228, 197 , 228, 199 , 228, 200 , 228, 208 , 228, 210 
, 228, 219 , 228, 227 , 228, 16 , 229, 28 , 229, 51 , 229, 52 
, 229, 58 , 229, 67 , 229, 70 , 229, 76 , 229, 80 , 229, 95 , 
229, 97 , 229, 104 , 229, 113 , 229, 115 , 229, 116 , 229, 121 
, 229, 152 , 229, 167 , 229, 168 , 229, 173 , 229, 175 , 229, 
190 , 229, 195 , 229, 198 , 229, 200 , 229, 203 , 229, 209 , 
229, 214 , 229, 216 , 229, 2 , 230, 9 , 230, 10 , 230, 12 , 
230, 13 , 230, 15 , 230, 19 , 230, 21 , 230, 23 , 230, 24 , 
230, 47 , 230, 48 , 230, 57 , 230, 64 , 230, 83 , 230, 84 , 
230, 93 , 230, 95 , 230, 97 , 230, 102 , 230, 120 , 230, 126 , 
230, 138 , 230, 140 , 230, 142 , 230, 149 , 230, 155 , 230, 180 
, 230, 191 , 230, 192 , 230, 204 , 230, 207 , 230, 217 , 230, 
218 , 230, 219 , 230, 220 , 230, 225 , 230, 7 , 231, 23 , 231, 
28 , 231, 47 , 231, 54 , 231, 62 , 231, 81 , 231, 85 , 231, 93 
, 231, 95 , 231, 103 , 231, 105 , 231, 110 , 231, 115 , 231, 
132 , 231, 137 , 231, 142 , 231, 149 , 231, 150 , 231, 172 , 
231, 182 , 231, 188 , 231, 191 , 231, 193 , 231, 195 , 231, 200 
, 231, 201 , 231, 208 , 231, 214 , 231, 1 , 232, 10 , 232, 11 
, 232, 14 , 232, 27 , 232, 31 , 232, 35 , 232, 42 , 232, 43 , 
232, 50 , 232, 61 , 232, 93 , 232, 98 , 232, 104 , 232, 105 , 
232, 107 , 232, 113 , 232, 116 , 232, 119 , 232, 124 , 232, 132 
, 232, 144 , 232, 146 , 232, 150 , 232, 153 , 232, 164 , 232, 
165 , 232, 186 , 232, 187 , 232, 189 , 232, 196 , 232, 197 , 
232, 219 , 232, 225 , 232, 229 , 232, 1 , 233, 8 , 233, 9 , 
233, 12 , 233, 28 , 233, 30 , 233, 32 , 233, 35 , 233, 41 , 
233, 42 , 233, 51 , 233, 55 , 233, 67 , 233, 80 , 233, 89 , 
233, 94 , 233, 95 , 233, 107 , 233, 113 , 233, 120 , 233, 127 , 
233, 132 , 233, 151 , 233, 153 , 233, 154 , 233, 157 , 233, 163 
, 233, 164 , 233, 182 , 233, 209 , 233, 212 , 233, 216 , 233, 
219 , 233, 227 , 233, 4 , 234, 18 , 234, 40 , 234, 46 , 234, 48 
, 234, 49 , 234, 53 , 234, 58 , 234, 64 , 234, 68 , 234, 70 , 
234, 76 , 234, 84 , 234, 107 , 234, 110 , 234, 112 , 234, 114 , 
234, 118 , 234, 120 , 234, 122 , 234, 123 , 234, 131 , 234, 133 
, 234, 144 , 234, 145 , 234, 150 , 234, 159 , 234, 170 , 234, 
188 , 234, 193 , 234, 202 , 234, 205 , 234, 218 , 234, 220 , 
234, 229 , 234, 7 , 235, 10 , 235, 21 , 235, 29 , 235, 31 , 
235, 34 , 235, 42 , 235, 43 , 235, 48 , 235, 53 , 235, 58 , 
235, 59 , 235, 65 , 235, 71 , 235, 80 , 235, 87 , 235, 90 , 
235, 91 , 235, 99 , 235, 107 , 235, 108 , 235, 122 , 235, 159 , 
235, 160 , 235, 174 , 235, 176 , 235, 178 , 235, 179 , 235, 187 
, 235, 188 , 235, 191 , 235, 201 , 235, 222 , 235, 223 , 235, 
232 , 235, 16 , 236, 26 , 236, 29 , 236, 37 , 236, 42 , 236, 45 
, 236, 51 , 236, 56 , 236, 63 , 236, 74 , 236, 75 , 236, 77 , 
236, 86 , 236, 104 , 236, 108 , 236, 110 , 236, 122 , 236, 125 
, 236, 128 , 236, 135 , 236, 139 , 236, 159 , 236, 160 , 236, 
166 , 236, 169 , 236, 193 , 236, 195 , 236, 209 , 236, 213 , 
236, 214 , 236, 225 , 236, 230 , 236, 6 , 237, 15 , 237, 22 , 
237, 24 , 237, 28 , 237, 37 , 237, 45 , 237, 64 , 237, 71 , 
237, 89 , 237, 106 , 237, 109 , 237, 111 , 237, 116 , 237, 121 
, 237, 126 , 237, 128 , 237, 135 , 237, 156 , 237, 157 , 237, 
158 , 237, 159 , 237, 165 , 237, 166 , 237, 167 , 237, 174 , 
237, 189 , 237, 190 , 237, 193 , 237, 198 , 237, 206 , 237, 212 
, 237, 216 , 237, 217 , 237, 223 , 237, 235 , 237, 2 , 238, 3 
, 238, 4 , 238, 8 , 238, 19 , 238, 21 , 238, 25 , 238, 30 , 
238, 35 , 238, 37 , 238, 50 , 238, 55 , 238, 61 , 238, 64 , 
238, 70 , 238, 71 , 238, 73 , 238, 85 , 238, 88 , 238, 95 , 
238, 99 , 238, 106 , 238, 107 , 238, 109 , 238, 111 , 238, 117 
, 238, 119 , 238, 145 , 238, 149 , 238, 163 , 238, 165 , 238, 
197 , 238, 202 , 238, 214 , 238, 225 , 238, 228 , 238, 229 , 
238, 234 , 238, 3 , 239, 18 , 239, 20 , 239, 23 , 239, 24 , 
239, 25 , 239, 27 , 239, 41 , 239, 45 , 239, 49 , 239, 53 , 
239, 59 , 239, 63 , 239, 69 , 239, 72 , 239, 80 , 239, 85 , 
239, 92 , 239, 96 , 239, 97 , 239, 116 , 239, 118 , 239, 120 , 
239, 121 , 239, 124 , 239, 135 , 239, 138 , 239, 141 , 239, 145 
, 239, 147 , 239, 152 , 239, 158 , 239, 161 , 239, 163 , 239, 
164 , 239, 173 , 239, 179 , 239, 185 , 239, 186 , 239, 187 , 
239, 196 , 239, 207 , 239, 209 , 239, 214 , 239, 215 , 239, 218 
, 239, 230 , 239, 236 , 239, 2 , 240, 4 , 240, 8 , 240, 10 , 
240, 14 , 240, 15 , 240, 20 , 240, 22 , 240, 24 , 240, 28 , 
240, 29 , 240, 30 , 240, 34 , 240, 42 , 240, 54 , 240, 55 , 
240, 57 , 240, 63 , 240, 81 , 240, 89 , 240, 92 , 240, 103 , 
240, 104 , 240, 105 , 240, 110 , 240, 115 , 240, 120 , 240, 127 
, 240, 132 , 240, 133 , 240, 134 , 240, 150 , 240, 152 , 240, 
160 , 240, 161 , 240, 167 , 240, 171 , 240, 190 , 240, 197 , 
240, 206 , 240, 207 , 240, 213 , 240, 216 , 240, 228 , 240, 231 
, 240, 235 , 240, 238 , 240, 7 , 241, 8 , 241, 18 , 241, 38 , 
241, 44 , 241, 46 , 241, 59 , 241, 70 , 241, 73 , 241, 76 , 
241, 79 , 241, 81 , 241, 84 , 241, 108 , 241, 118 , 241, 120 , 
241, 122 , 241, 140 , 241, 141 , 241, 150 , 241, 152 , 241, 155 
, 241, 160 , 241, 167 , 241, 175 , 241, 177 , 241, 178 , 241, 
181 , 241, 200 , 241, 206 , 241, 210 , 241, 216 , 241, 223 , 
241, 235 , 241, 240 , 241, 2 , 242, 15 , 242, 16 , 242, 21 , 
242, 26 , 242, 41 , 242, 45 , 242, 48 , 242, 56 , 242, 59 , 
242, 62 , 242, 64 , 242, 67 , 242, 73 , 242, 74 , 242, 97 , 
242, 107 , 242, 117 , 242, 127 , 242, 132 , 242, 139 , 242, 147 
, 242, 151 , 242, 159 , 242, 185 , 242, 189 , 242, 212 , 242, 
222 , 242, 225 , 242, 231 , 242, 234 , 242, 19 , 243, 27 , 243, 
29 , 243, 43 , 243, 44 , 243, 49 , 243, 52 , 243, 73 , 243, 80 
, 243, 87 , 243, 95 , 243, 97 , 243, 98 , 243, 107 , 243, 115 
, 243, 124 , 243, 131 , 243, 133 , 243, 145 , 243, 152 , 243, 
153 , 243, 165 , 243, 166 , 243, 181 , 243, 186 , 243, 190 , 
243, 193 , 243, 204 , 243, 212 , 243, 214 , 243, 218 , 243, 222 
, 243, 229 , 243, 231 , 243, 237 , 243, 242 , 243, 14 , 244, 21 
, 244, 22 , 244, 23 , 244, 27 , 244, 35 , 244, 36 , 244, 45 , 
244, 49 , 244, 63 , 244, 66 , 244, 67 , 244, 86 , 244, 87 , 
244, 112 , 244, 133 , 244, 162 , 244, 168 , 244, 172 , 244, 173 
, 244, 183 , 244, 184 , 244, 189 , 244, 192 , 244, 204 , 244, 
212 , 244, 215 , 244, 227 , 244, 233 , 244, 239 , 244, 6 , 245, 
13 , 245, 16 , 245, 19 , 245, 20 , 245, 26 , 245, 33 , 245, 34 
, 245, 36 , 245, 42 , 245, 52 , 245, 58 , 245, 70 , 245, 77 , 
245, 89 , 245, 104 , 245, 107 , 245, 109 , 245, 111 , 245, 113 
, 245, 120 , 245, 122 , 245, 123 , 245, 126 , 245, 130 , 245, 
140 , 245, 146 , 245, 157 , 245, 160 , 245, 161 , 245, 172 , 
245, 173 , 245, 176 , 245, 178 , 245, 182 , 245, 190 , 245, 193 
, 245, 194 , 245, 206 , 245, 209 , 245, 216 , 245, 220 , 245, 
221 , 245, 240 , 245, 1 , 246, 5 , 246, 12 , 246, 26 , 246, 29 
, 246, 30 , 246, 50 , 246, 51 , 246, 52 , 246, 61 , 246, 67 , 
246, 70 , 246, 77 , 246, 78 , 246, 80 , 246, 87 , 246, 90 , 
246, 94 , 246, 100 , 246, 101 , 246, 104 , 246, 114 , 246, 122 
, 246, 131 , 246, 140 , 246, 141 , 246, 143 , 246, 145 , 246, 
147 , 246, 155 , 246, 165 , 246, 182 , 246, 189 , 246, 210 , 
246, 225 , 246, 237 , 246, 243 , 246, 244 , 246, 2 , 247, 5 , 
247, 9 , 247, 14 , 247, 27 , 247, 47 , 247, 48 , 247, 49 , 247, 
51 , 247, 53 , 247, 57 , 247, 61 , 247, 65 , 247, 85 , 247, 88 
, 247, 89 , 247, 91 , 247, 96 , 247, 100 , 247, 102 , 247, 111 
, 247, 112 , 247, 131 , 247, 132 , 247, 134 , 247, 135 , 247, 
149 , 247, 162 , 247, 177 , 247, 185 , 247, 200 , 247, 203 , 
247, 214 , 247, 216 , 247, 219 , 247, 224 , 247, 228 , 247, 2 , 
248, 24 , 248, 31 , 248, 32 , 248, 42 , 248, 52 , 248, 54 , 
248, 68 , 248, 75 , 248, 85 , 248, 98 , 248, 109 , 248, 117 , 
248, 119 , 248, 122 , 248, 124 , 248, 127 , 248, 131 , 248, 141 
, 248, 145 , 248, 167 , 248, 180 , 248, 187 , 248, 191 , 248, 
194 , 248, 212 , 248, 213 , 248, 215 , 248, 221 , 248, 226 , 
248, 236 , 248, 237 , 248, 239 , 248, 241 , 248, 243 , 248, 246 
, 248, 4 , 249, 5 , 249, 11 , 249, 41 , 249, 52 , 249, 62 , 
249, 65 , 249, 77 , 249, 78 , 249, 86 , 249, 88 , 249, 91 , 
249, 98 , 249, 104 , 249, 111 , 249, 115 , 249, 116 , 249, 144 
, 249, 145 , 249, 148 , 249, 156 , 249, 158 , 249, 169 , 249, 
182 , 249, 195 , 249, 211 , 249, 233 , 249, 235 , 249, 236 , 
249, 237 , 249, 238 , 249, 244 , 249, 3 , 250, 9 , 250, 13 , 
250, 16 , 250, 19 , 250, 23 , 250, 32 , 250, 36 , 250, 41 , 
250, 45 , 250, 51 , 250, 52 , 250, 57 , 250, 61 , 250, 67 , 
250, 73 , 250, 74 , 250, 81 , 250, 83 , 250, 88 , 250, 90 , 
250, 116 , 250, 117 , 250, 121 , 250, 134 , 250, 150 , 250, 152 
, 250, 158 , 250, 160 , 250, 167 , 250, 168 , 250, 174 , 250, 
183 , 250, 191 , 250, 194 , 250, 198 , 250, 201 , 250, 205 , 
250, 211 , 250, 214 , 250, 222 , 250, 223 , 250, 228 , 250, 243 
, 250