5 , 9, 7 , 10, 4 , 11, 8 , 11, 1 , 12, 4 , 12, 8 , 12, 10 , 
13, 11 , 14, 13 , 14, 3 , 15, 13 , 15, 4 , 16, 10 , 16, 13 , 
17, 12 , 18, 13 , 18, 2 , 19, 18 , 19, 3 , 20, 1 , 21, 9 , 21, 
15 , 21, 10 , 22, 16 , 22, 20 , 22, 20 , 23, 4 , 26, 6 , 26, 8 
, 26, 21 , 26, 5 , 27, 12 , 27, 22 , 27, 21 , 28, 9 , 30, 15 
, 30, 20 , 30, 26 , 30, 25 , 31, 11 , 32, 16 , 32, 17 , 32, 22 
, 33, 10 , 34, 31 , 34, 33 , 34, 11 , 35, 8 , 36, 19 , 36, 22 
, 36, 27 , 37, 20 , 38, 37 , 38, 4 , 39, 15 , 39, 18 , 39, 27 
, 39, 35 , 39, 31 , 40, 33 , 40, 37 , 40, 22 , 41, 10 , 42, 23 
, 42, 30 , 42, 14 , 43, 26 , 43, 36 , 43, 8 , 44, 14 , 44, 18 
, 44, 19 , 44, 21 , 44, 25 , 44, 35 , 44, 37 , 44, 1 , 45, 4 
, 45, 29 , 45, 7 , 46, 9 , 47, 41 , 47, 6 , 48, 25 , 48, 6 , 
49, 19 , 49, 42 , 49, 45 , 49, 4 , 50, 10 , 50, 33 , 50, 43 , 
50, 12 , 51, 19 , 51, 35 , 51, 42 , 51, 47 , 51, 1 , 52, 13 , 
53, 15 , 53, 43 , 53, 50 , 53, 11 , 54, 16 , 54, 18 , 54, 19 , 
54, 23 , 54, 29 , 54, 42 , 54, 4 , 55, 6 , 55, 16 , 55, 5 , 
56, 6 , 56, 14 , 56, 21 , 56, 24 , 56, 25 , 56, 34 , 56, 36 , 
56, 50 , 56, 11 , 57, 16 , 57, 23 , 57, 28 , 57, 30 , 57, 34 , 
57, 35 , 57, 37 , 57, 42 , 57, 43 , 57, 49 , 57, 54 , 57, 10 , 
58, 13 , 58, 27 , 58, 32 , 58, 39 , 58, 42 , 58, 43 , 58, 49 , 
58, 3 , 59, 15 , 59, 27 , 59, 53 , 59, 2 , 60, 23 , 60, 45 , 
60, 2 , 61, 19 , 61, 25 , 61, 46 , 61, 51 , 61, 33 , 62, 34 , 
62, 4 , 63, 19 , 63, 21 , 63, 36 , 63, 39 , 63, 43 , 63, 51 , 
63, 55 , 63, 57 , 63, 6 , 64, 26 , 64, 27 , 64, 28 , 64, 32 , 
64, 51 , 64, 2 , 65, 7 , 65, 17 , 65, 23 , 65, 24 , 65, 30 , 
65, 44 , 65, 56 , 65, 1 , 66, 3 , 66, 5 , 66, 14 , 66, 33 , 
66, 38 , 66, 47 , 66, 59 , 66, 2 , 67, 7 , 67, 31 , 67, 33 , 
67, 37 , 67, 11 , 68, 12 , 68, 50 , 68, 67 , 68, 6 , 69, 14 , 
69, 20 , 69, 32 , 69, 41 , 69, 65 , 69, 9 , 70, 10 , 70, 21 , 
70, 22 , 70, 67 , 70, 23 , 71, 28 , 71, 32 , 71, 40 , 71, 45 , 
71, 52 , 71, 60 , 71, 2 , 72, 7 , 72, 9 , 72, 19 , 72, 21 , 
72, 29 , 72, 33 , 72, 4 , 73, 17 , 73, 24 , 73, 27 , 73, 48 , 
73, 50 , 73, 2 , 74, 8 , 74, 25 , 74, 33 , 74, 39 , 74, 52 , 
74, 53 , 74, 73 , 74, 21 , 75, 33 , 75, 40 , 75, 54 , 75, 63 , 
75, 5 , 76, 45 , 76, 58 , 76, 73 , 76, 74 , 76, 6 , 77, 13 , 
77, 23 , 77, 24 , 77, 27 , 77, 35 , 77, 60 , 77, 3 , 78, 7 , 
78, 29 , 78, 34 , 78, 40 , 78, 48 , 78, 60 , 78, 67 , 78, 2 , 
79, 20 , 79, 63 , 79, 69 , 79, 1 , 80, 6 , 80, 15 , 80, 31 , 
80, 45 , 80, 60 , 80, 61 , 80, 69 , 80, 9 , 81, 10 , 81, 16 , 
81, 25 , 81, 34 , 81, 55 , 81, 64 , 81, 66 , 81, 3 , 82, 28 , 
82, 64 , 82, 65 , 82, 67 , 82, 73 , 82, 10 , 83, 17 , 83, 19 , 
83, 46 , 83, 58 , 83, 66 , 83, 9 , 84, 17 , 84, 31 , 84, 63 , 
84, 70 , 84, 14 , 85, 22 , 85, 25 , 85, 68 , 85, 74 , 85, 10 , 
86, 16 , 86, 29 , 86, 67 , 86, 83 , 86, 33 , 87, 43 , 87, 62 , 
87, 68 , 87, 49 , 88, 53 , 88, 58 , 88, 68 , 88, 87 , 88, 15 , 
89, 50 , 89, 63 , 89, 71 , 89, 85 , 89, 11 , 90, 17 , 90, 18 , 
90, 63 , 90, 65 , 90, 70 , 90, 10 , 91, 23 , 91, 28 , 91, 50 , 
91, 89 , 91, 19 , 92, 23 , 92, 56 , 92, 66 , 92, 83 , 92, 84 , 
92, 12 , 93, 37 , 93, 43 , 93, 45 , 93, 60 , 93, 66 , 93, 76 , 
93, 87 , 93, 4 , 94, 23 , 94, 32 , 94, 53 , 94, 62 , 94, 84 , 
94, 89 , 94, 3 , 95, 8 , 95, 11 , 95, 26 , 95, 60 , 95, 61 , 
95, 65 , 95, 69 , 95, 71 , 95, 72 , 95, 92 , 95, 6 , 96, 21 , 
96, 26 , 96, 30 , 96, 38 , 96, 60 , 96, 75 , 96, 83 , 96, 92 , 
96, 25 , 97, 38 , 97, 41 , 97, 42 , 97, 58 , 97, 63 , 97, 71 , 
97, 83 , 97, 4 , 98, 10 , 98, 46 , 98, 52 , 98, 70 , 98, 81 , 
98, 82 , 98, 83 , 98, 87 , 98, 1 , 99, 12 , 99, 32 , 99, 37 , 
99, 43 , 99, 78 , 99, 8 , 100, 33 , 100, 35 , 100, 67 , 100, 81 
, 100, 87 , 100, 16 , 101, 21 , 101, 34 , 101, 35 , 101, 36 , 
101, 39 , 101, 40 , 101, 45 , 101, 47 , 101, 65 , 101, 78 , 
101, 83 , 101, 84 , 101, 86 , 101, 92 , 101, 17 , 102, 54 , 
102, 77 , 102, 86 , 102, 100 , 102, 25 , 103, 31 , 103, 45 , 
103, 82 , 103, 101 , 103, 28 , 104, 30 , 104, 50 , 104, 72 , 
104, 77 , 104, 92 , 104, 96 , 104, 2 , 105, 3 , 105, 22 , 105, 
34 , 105, 47 , 105, 50 , 105, 57 , 105, 77 , 105, 1 , 106, 12 
, 106, 15 , 106, 24 , 106, 44 , 106, 46 , 106, 54 , 106, 55 , 
106, 70 , 106, 73 , 106, 96 , 106, 9 , 107, 14 , 107, 15 , 107, 
20 , 107, 25 , 107, 26 , 107, 42 , 107, 64 , 107, 87 , 107, 7 
, 108, 8 , 108, 28 , 108, 38 , 108, 51 , 108, 63 , 108, 67 , 
108, 82 , 108, 88 , 108, 92 , 108, 104 , 108, 15 , 109, 26 , 
109, 43 , 109, 55 , 109, 70 , 109, 71 , 109, 77 , 109, 97 , 
109, 105 , 109, 16 , 110, 26 , 110, 27 , 110, 35 , 110, 36 , 
110, 53 , 110, 97 , 110, 4 , 111, 16 , 111, 26 , 111, 33 , 111, 
50 , 111, 68 , 111, 90 , 111, 91 , 111, 103 , 111, 25 , 112, 32 
, 112, 34 , 112, 37 , 112, 40 , 112, 9 , 113, 16 , 113, 21 , 
113, 24 , 113, 44 , 113, 57 , 113, 68 , 113, 69 , 113, 75 , 
113, 77 , 113, 84 , 113, 7 , 114, 20 , 114, 22 , 114, 32 , 114, 
43 , 114, 49 , 114, 51 , 114, 62 , 114, 66 , 114, 78 , 114, 3 
, 115, 22 , 115, 24 , 115, 38 , 115, 71 , 115, 72 , 115, 77 , 
115, 90 , 115, 103 , 115, 8 , 116, 11 , 116, 54 , 116, 7 , 117, 
79 , 117, 85 , 117, 88 , 117, 100 , 117, 12 , 118, 26 , 118, 36 
, 118, 49 , 118, 72 , 118, 78 , 118, 105 , 118, 111 , 118, 7 , 
119, 22 , 119, 37 , 119, 48 , 119, 52 , 119, 55 , 119, 84 , 
119, 89 , 119, 98 , 119, 110 , 119, 34 , 120, 36 , 120, 95 , 
120, 105 , 120, 114 , 120, 119 , 120, 5 , 121, 16 , 121, 18 , 
121, 25 , 121, 48 , 121, 51 , 121, 56 , 121, 59 , 121, 66 , 
121, 99 , 121, 12 , 122, 19 , 122, 23 , 122, 47 , 122, 50 , 
122, 61 , 122, 68 , 122, 81 , 122, 89 , 122, 94 , 122, 98 , 
122, 103 , 122, 110 , 122, 119 , 122, 5 , 123, 8 , 123, 69 , 
123, 70 , 123, 71 , 123, 82 , 123, 100 , 123, 114 , 123, 7 , 
124, 13 , 124, 16 , 124, 18 , 124, 23 , 124, 26 , 124, 42 , 
124, 52 , 124, 54 , 124, 56 , 124, 69 , 124, 85 , 124, 91 , 
124, 95 , 124, 99 , 124, 122 , 124, 10 , 125, 26 , 125, 73 , 
125, 86 , 125, 91 , 125, 8 , 126, 50 , 126, 60 , 126, 78 , 126, 
85 , 126, 96 , 126, 109 , 126, 116 , 126, 2 , 127, 29 , 127, 30 
, 127, 33 , 127, 35 , 127, 47 , 127, 62 , 127, 102 , 127, 105 
, 127, 106 , 127, 124 , 127, 5 , 128, 14 , 128, 16 , 128, 37 , 
128, 41 , 128, 43 , 128, 48 , 128, 61 , 128, 75 , 128, 95 , 
128, 110 , 128, 114 , 128, 115 , 128, 123 , 128, 126 , 128, 25 
, 129, 27 , 129, 37 , 129, 39 , 129, 43 , 129, 44 , 129, 62 , 
129, 70 , 129, 88 , 129, 106 , 129, 108 , 129, 119 , 129, 11 , 
130, 14 , 130, 24 , 130, 48 , 130, 58 , 130, 75 , 130, 86 , 
130, 88 , 130, 101 , 130, 108 , 130, 1 , 131, 11 , 131, 46 , 
131, 54 , 131, 87 , 131, 92 , 131, 95 , 131, 96 , 131, 102 , 
131, 104 , 131, 13 , 132, 49 , 132, 58 , 132, 68 , 132, 90 , 
132, 91 , 132, 114 , 132, 130 , 132, 12 , 133, 32 , 133, 43 , 
133, 50 , 133, 58 , 133, 65 , 133, 71 , 133, 85 , 133, 89 , 
133, 95 , 133, 97 , 133, 129 , 133, 132 , 133, 18 , 134, 23 , 
134, 28 , 134, 34 , 134, 35 , 134, 36 , 134, 40 , 134, 53 , 
134, 59 , 134, 69 , 134, 75 , 134, 88 , 134, 110 , 134, 22 , 
135, 101 , 135, 106 , 135, 108 , 135, 119 , 135, 37 , 136, 72 , 
136, 75 , 136, 97 , 136, 105 , 136, 121 , 136, 6 , 137, 18 , 
137, 39 , 137, 45 , 137, 47 , 137, 60 , 137, 78 , 137, 85 , 
137, 106 , 137, 108 , 137, 123 , 137, 5 , 138, 42 , 138, 46 , 
138, 62 , 138, 65 , 138, 72 , 138, 73 , 138, 94 , 138, 98 , 
138, 117 , 138, 123 , 138, 129 , 138, 131 , 138, 10 , 139, 16 , 
139, 17 , 139, 18 , 139, 23 , 139, 26 , 139, 27 , 139, 39 , 
139, 43 , 139, 81 , 139, 93 , 139, 117 , 139, 122 , 139, 123 , 
139, 128 , 139, 131 , 139, 135 , 139, 3 , 140, 8 , 140, 25 , 
140, 72 , 140, 88 , 140, 90 , 140, 120 , 140, 130 , 140, 34 , 
141, 41 , 141, 50 , 141, 52 , 141, 54 , 141, 61 , 141, 73 , 
141, 74 , 141, 89 , 141, 106 , 141, 108 , 141, 111 , 141, 128 , 
141, 8 , 142, 30 , 142, 38 , 142, 62 , 142, 78 , 142, 83 , 142, 
96 , 142, 126 , 142, 140 , 142, 8 , 143, 19 , 143, 21 , 143, 23 
, 143, 29 , 143, 32 , 143, 50 , 143, 52 , 143, 53 , 143, 89 , 
143, 109 , 143, 110 , 143, 117 , 143, 121 , 143, 141 , 143, 15 
, 144, 18 , 144, 21 , 144, 37 , 144, 70 , 144, 75 , 144, 83 , 
144, 88 , 144, 90 , 144, 109 , 144, 120 , 144, 121 , 144, 131 , 
144, 3 , 145, 7 , 145, 13 , 145, 20 , 145, 25 , 145, 32 , 145, 
60 , 145, 103 , 145, 111 , 145, 123 , 145, 17 , 146, 35 , 146, 
40 , 146, 60 , 146, 63 , 146, 66 , 146, 72 , 146, 95 , 146, 97 
, 146, 118 , 146, 4 , 147, 32 , 147, 39 , 147, 59 , 147, 74 , 
147, 81 , 147, 93 , 147, 94 , 147, 96 , 147, 106 , 147, 115 , 
147, 5 , 148, 7 , 148, 14 , 148, 27 , 148, 29 , 148, 35 , 148, 
36 , 148, 40 , 148, 53 , 148, 56 , 148, 67 , 148, 84 , 148, 86 
, 148, 100 , 148, 125 , 148, 11 , 149, 20 , 149, 41 , 149, 42 
, 149, 49 , 149, 76 , 149, 87 , 149, 95 , 149, 143 , 149, 148 
, 149, 6 , 150, 24 , 150, 35 , 150, 40 , 150, 51 , 150, 62 , 
150, 64 , 150, 69 , 150, 72 , 150, 80 , 150, 90 , 150, 95 , 
150, 122 , 150, 132 , 150, 145 , 150, 149 , 150, 8 , 151, 35 , 
151, 50 , 151, 52 , 151, 59 , 151, 72 , 151, 73 , 151, 76 , 
151, 77 , 151, 80 , 151, 83 , 151, 95 , 151, 100 , 151, 106 , 
151, 118 , 151, 126 , 151, 128 , 151, 129 , 151, 130 , 151, 150 
, 151, 13 , 152, 15 , 152, 55 , 152, 66 , 152, 146 , 152, 18 , 
153, 24 , 153, 36 , 153, 72 , 153, 77 , 153, 82 , 153, 95 , 
153, 130 , 153, 131 , 153, 144 , 153, 145 , 153, 3 , 154, 11 , 
154, 34 , 154, 42 , 154, 53 , 154, 59 , 154, 70 , 154, 91 , 
154, 92 , 154, 96 , 154, 107 , 154, 117 , 154, 121 , 154, 138 , 
154, 145 , 154, 149 , 154, 4 , 155, 24 , 155, 34 , 155, 60 , 
155, 61 , 155, 76 , 155, 83 , 155, 90 , 155, 112 , 155, 135 , 
155, 138 , 155, 9 , 156, 12 , 156, 33 , 156, 40 , 156, 69 , 
156, 77 , 156, 80 , 156, 100 , 156, 101 , 156, 104 , 156, 138 , 
156, 1 , 157, 8 , 157, 12 , 157, 13 , 157, 25 , 157, 27 , 157, 
37 , 157, 43 , 157, 52 , 157, 56 , 157, 73 , 157, 75 , 157, 97 
, 157, 101 , 157, 121 , 157, 131 , 157, 133 , 157, 138 , 157, 
141 , 157, 154 , 157, 156 , 157, 3 , 158, 10 , 158, 12 , 158, 
35 , 158, 57 , 158, 66 , 158, 74 , 158, 75 , 158, 90 , 158, 107 
, 158, 108 , 158, 110 , 158, 112 , 158, 124 , 158, 135 , 158, 
146 , 158, 2 , 159, 28 , 159, 31 , 159, 35 , 159, 37 , 159, 39 
, 159, 43 , 159, 55 , 159, 56 , 159, 60 , 159, 64 , 159, 72 , 
159, 77 , 159, 78 , 159, 89 , 159, 109 , 159, 117 , 159, 120 , 
159, 122 , 159, 128 , 159, 133 , 159, 12 , 160, 22 , 160, 35 , 
160, 48 , 160, 69 , 160, 93 , 160, 97 , 160, 111 , 160, 117 , 
160, 3 , 161, 13 , 161, 19 , 161, 47 , 161, 52 , 161, 64 , 161, 
65 , 161, 67 , 161, 96 , 161, 135 , 161, 139 , 161, 141 , 161, 
142 , 161, 30 , 162, 46 , 162, 78 , 162, 90 , 162, 105 , 162, 
111 , 162, 120 , 162, 128 , 162, 141 , 162, 150 , 162, 155 , 
162, 10 , 163, 15 , 163, 17 , 163, 18 , 163, 19 , 163, 37 , 
163, 41 , 163, 46 , 163, 54 , 163, 56 , 163, 57 , 163, 74 , 
163, 76 , 163, 85 , 163, 110 , 163, 131 , 163, 150 , 163, 153 , 
163, 156 , 163, 22 , 164, 32 , 164, 50 , 164, 78 , 164, 88 , 
164, 91 , 164, 94 , 164, 102 , 164, 122 , 164, 139 , 164, 149 , 
164, 2 , 165, 11 , 165, 24 , 165, 28 , 165, 34 , 165, 78 , 165, 
95 , 165, 116 , 165, 122 , 165, 127 , 165, 135 , 165, 144 , 
165, 154 , 165, 1 , 166, 7 , 166, 13 , 166, 19 , 166, 40 , 166, 
53 , 166, 54 , 166, 69 , 166, 81 , 166, 90 , 166, 134 , 166, 
145 , 166, 155 , 166, 157 , 166, 4 , 167, 9 , 167, 41 , 167, 75 
, 167, 78 , 167, 80 , 167, 89 , 167, 130 , 167, 141 , 167, 153 
, 167, 21 , 168, 30 , 168, 48 , 168, 69 , 168, 73 , 168, 80 , 
168, 93 , 168, 101 , 168, 113 , 168, 122 , 168, 3 , 169, 13 , 
169, 14 , 169, 46 , 169, 49 , 169, 52 , 169, 67 , 169, 108 , 
169, 111 , 169, 118 , 169, 122 , 169, 124 , 169, 126 , 169, 132 
, 169, 156 , 169, 8 , 170, 16 , 170, 19 , 170, 42 , 170, 43 , 
170, 47 , 170, 48 , 170, 53 , 170, 73 , 170, 91 , 170, 99 , 
170, 100 , 170, 111 , 170, 129 , 170, 8 , 171, 12 , 171, 35 , 
171, 40 , 171, 52 , 171, 63 , 171, 89 , 171, 101 , 171, 104 , 
171, 119 , 171, 136 , 171, 138 , 171, 139 , 171, 31 , 172, 34 , 
172, 36 , 172, 48 , 172, 49 , 172, 55 , 172, 58 , 172, 82 , 
172, 83 , 172, 100 , 172, 112 , 172, 114 , 172, 115 , 172, 121 
, 172, 123 , 172, 162 , 172, 163 , 172, 169 , 172, 2 , 173, 18 
, 173, 22 , 173, 26 , 173, 29 , 173, 35 , 173, 39 , 173, 60 , 
173, 86 , 173, 96 , 173, 102 , 173, 117 , 173, 132 , 173, 148 , 
173, 158 , 173, 159 , 173, 29 , 174, 41 , 174, 54 , 174, 63 , 
174, 64 , 174, 90 , 174, 105 , 174, 139 , 174, 148 , 174, 162 , 
174, 168 , 174, 172 , 174, 1 , 175, 3 , 175, 13 , 175, 19 , 
175, 27 , 175, 35 , 175, 38 , 175, 57 , 175, 91 , 175, 134 , 
175, 157 , 175, 162 , 175, 5 , 176, 30 , 176, 38 , 176, 42 , 
176, 44 , 176, 46 , 176, 69 , 176, 71 , 176, 72 , 176, 86 , 
176, 88 , 176, 98 , 176, 103 , 176, 147 , 176, 157 , 176, 170 , 
176, 21 , 177, 38 , 177, 46 , 177, 56 , 177, 60 , 177, 65 , 
177, 73 , 177, 95 , 177, 106 , 177, 117 , 177, 143 , 177, 168 , 
177, 19 , 178, 36 , 178, 37 , 178, 57 , 178, 60 , 178, 92 , 
178, 109 , 178, 129 , 178, 131 , 178, 148 , 178, 4 , 179, 17 , 
179, 22 , 179, 25 , 179, 39 , 179, 52 , 179, 73 , 179, 103 , 
179, 107 , 179, 109 , 179, 122 , 179, 131 , 179, 132 , 179, 135 
, 179, 147 , 179, 152 , 179, 17 , 180, 24 , 180, 45 , 180, 52 
, 180, 57 , 180, 59 , 180, 61 , 180, 71 , 180, 76 , 180, 97 , 
180, 102 , 180, 112 , 180, 130 , 180, 133 , 180, 171 , 180, 5 , 
181, 13 , 181, 19 , 181, 43 , 181, 52 , 181, 68 , 181, 73 , 
181, 74 , 181, 77 , 181, 79 , 181, 100 , 181, 102 , 181, 164 , 
181, 176 , 181, 50 , 182, 61 , 182, 71 , 182, 97 , 182, 102 , 
182, 114 , 182, 130 , 182, 151 , 182, 152 , 182, 153 , 182, 160 
, 182, 172 , 182, 174 , 182, 175 , 182, 6 , 183, 31 , 183, 37 
, 183, 49 , 183, 50 , 183, 65 , 183, 75 , 183, 78 , 183, 83 , 
183, 84 , 183, 87 , 183, 99 , 183, 110 , 183, 129 , 183, 137 , 
183, 138 , 183, 159 , 183, 161 , 183, 2 , 184, 8 , 184, 13 , 
184, 40 , 184, 42 , 184, 89 , 184, 107 , 184, 115 , 184, 120 , 
184, 124 , 184, 131 , 184, 154 , 184, 170 , 184, 177 , 184, 178 
, 184, 181 , 184, 7 , 185, 23 , 185, 34 , 185, 41 , 185, 97 , 
185, 103 , 185, 104 , 185, 113 , 185, 129 , 185, 14 , 186, 19 , 
186, 46 , 186, 62 , 186, 89 , 186, 90 , 186, 108 , 186, 122 , 
186, 128 , 186, 134 , 186, 138 , 186, 171 , 186, 3 , 187, 22 , 
187, 23 , 187, 35 , 187, 48 , 187, 60 , 187, 76 , 187, 101 , 
187, 115 , 187, 120 , 187, 121 , 187, 139 , 187, 146 , 187, 149 
, 187, 156 , 187, 167 , 187, 180 , 187, 183 , 187, 35 , 188, 67 
, 188, 69 , 188, 106 , 188, 130 , 188, 132 , 188, 156 , 188, 
169 , 188, 13 , 189, 15 , 189, 19 , 189, 28 , 189, 36 , 189, 47 
, 189, 58 , 189, 60 , 189, 64 , 189, 106 , 189, 131 , 189, 136 
, 189, 138 , 189, 154 , 189, 158 , 189, 5 , 190, 31 , 190, 61 
, 190, 80 , 190, 116 , 190, 126 , 190, 138 , 190, 146 , 190, 
160 , 190, 163 , 190, 171 , 190, 177 , 190, 184 , 190, 185 , 
190, 16 , 191, 21 , 191, 44 , 191, 55 , 191, 66 , 191, 90 , 
191, 91 , 191, 101 , 191, 113 , 191, 126 , 191, 138 , 191, 145 
, 191, 156 , 191, 163 , 191, 168 , 191, 176 , 191, 180 , 191, 
14 , 192, 30 , 192, 31 , 192, 40 , 192, 42 , 192, 44 , 192, 55 
, 192, 56 , 192, 98 , 192, 104 , 192, 124 , 192, 134 , 192, 148 
, 192, 150 , 192, 152 , 192, 153 , 192, 170 , 192, 171 , 192, 
180 , 192, 5 , 193, 29 , 193, 52 , 193, 75 , 193, 77 , 193, 89 
, 193, 99 , 193, 113 , 193, 148 , 193, 152 , 193, 155 , 193, 
172 , 193, 189 , 193, 11 , 194, 28 , 194, 38 , 194, 41 , 194, 
56 , 194, 62 , 194, 82 , 194, 95 , 194, 117 , 194, 122 , 194, 
147 , 194, 152 , 194, 163 , 194, 169 , 194, 173 , 194, 6 , 195, 
9 , 195, 24 , 195, 25 , 195, 37 , 195, 45 , 195, 63 , 195, 64 
, 195, 67 , 195, 77 , 195, 86 , 195, 106 , 195, 129 , 195, 132 
, 195, 140 , 195, 141 , 195, 142 , 195, 162 , 195, 164 , 195, 
165 , 195, 167 , 195, 17 , 196, 19 , 196, 26 , 196, 28 , 196, 
36 , 196, 44 , 196, 54 , 196, 75 , 196, 76 , 196, 92 , 196, 94 
, 196, 115 , 196, 130 , 196, 131 , 196, 135 , 196, 146 , 196, 
155 , 196, 166 , 196, 178 , 196, 180 , 196, 186 , 196, 187 , 
196, 20 , 197, 29 , 197, 30 , 197, 41 , 197, 87 , 197, 99 , 
197, 128 , 197, 147 , 197, 191 , 197, 3 , 198, 16 , 198, 34 , 
198, 40 , 198, 42 , 198, 48 , 198, 78 , 198, 89 , 198, 131 , 
198, 135 , 198, 141 , 198, 146 , 198, 148 , 198, 5 , 199, 16 , 
199, 26 , 199, 34 , 199, 36 , 199, 40 , 199, 46 , 199, 49 , 
199, 53 , 199, 66 , 199, 78 , 199, 85 , 199, 101 , 199, 140 , 
199, 145 , 199, 151 , 199, 162 , 199, 164 , 199, 178 , 199, 188 
, 199, 3 , 200, 30 , 200, 39 , 200, 47 , 200, 92 , 200, 102 , 
200, 112 , 200, 147 , 200, 155 , 200, 164 , 200, 167 , 200, 170 
, 200, 175 , 200, 177 , 200, 4 , 201, 9 , 201, 15 , 201, 25 , 
201, 28 , 201, 49 , 201, 57 , 201, 58 , 201, 64 , 201, 69 , 
201, 88 , 201, 95 , 201, 111 , 201, 118 , 201, 119 , 201, 143 , 
201, 151 , 201, 159 , 201, 178 , 201, 190 , 201, 198 , 201, 2 , 
202, 25 , 202, 32 , 202, 77 , 202, 89 , 202, 99 , 202, 114 , 
202, 115 , 202, 129 , 202, 138 , 202, 140 , 202, 157 , 202, 162 
, 202, 179 , 202, 184 , 202, 195 , 202, 198 , 202, 3 , 203, 23 
, 203, 34 , 203, 38 , 203, 49 , 203, 55 , 203, 66 , 203, 85 , 
203, 89 , 203, 95 , 203, 144 , 203, 157 , 203, 158 , 203, 162 , 
203, 172 , 203, 187 , 203, 200 , 203, 10 , 204, 47 , 204, 65 , 
204, 69 , 204, 74 , 204, 85 , 204, 99 , 204, 113 , 204, 116 , 
204, 121 , 204, 163 , 204, 183 , 204, 193 , 204, 2 , 205, 7 , 
205, 9 , 205, 16 , 205, 18 , 205, 25 , 205, 31 , 205, 37 , 205, 
55 , 205, 102 , 205, 136 , 205, 142 , 205, 148 , 205, 152 , 
205, 162 , 205, 188 , 205, 189 , 205, 193 , 205, 195 , 205, 196 
, 205, 4 , 206, 30 , 206, 35 , 206, 41 , 206, 45 , 206, 82 , 
206, 84 , 206, 92 , 206, 116 , 206, 117 , 206, 157 , 206, 164 , 
206, 169 , 206, 171 , 206, 178 , 206, 6 , 207, 8 , 207, 12 , 
207, 19 , 207, 28 , 207, 70 , 207, 79 , 207, 84 , 207, 86 , 
207, 108 , 207, 125 , 207, 160 , 207, 177 , 207, 179 , 207, 181 
, 207, 194 , 207, 200 , 207, 202 , 207, 204 , 207, 2 , 208, 10 
, 208, 14 , 208, 26 , 208, 31 , 208, 56 , 208, 70 , 208, 71 , 
208, 98 , 208, 108 , 208, 111 , 208, 118 , 208, 150 , 208, 155 
, 208, 181 , 208, 194 , 208, 8 , 209, 14 , 209, 25 , 209, 37 , 
209, 43 , 209, 59 , 209, 81 , 209, 94 , 209, 99 , 209, 135 , 
209, 179 , 209, 185 , 209, 11 , 210, 15 , 210, 43 , 210, 51 , 
210, 58 , 210, 63 , 210, 78 , 210, 87 , 210, 142 , 210, 190 , 
210, 206 , 210, 7 , 211, 49 , 211, 54 , 211, 100 , 211, 103 , 
211, 111 , 211, 154 , 211, 159 , 211, 172 , 211, 175 , 211, 190 
, 211, 199 , 211, 203 , 211, 10 , 212, 15 , 212, 18 , 212, 19 
, 212, 39 , 212, 41 , 212, 43 , 212, 46 , 212, 85 , 212, 101 , 
212, 109 , 212, 114 , 212, 140 , 212, 146 , 212, 147 , 212, 170 
, 212, 195 , 212, 9 , 213, 43 , 213, 49 , 213, 50 , 213, 61 , 
213, 78 , 213, 103 , 213, 125 , 213, 142 , 213, 145 , 213, 165 
, 213, 172 , 213, 181 , 213, 1 , 214, 12 , 214, 21 , 214, 35 , 
214, 41 , 214, 51 , 214, 71 , 214, 83 , 214, 86 , 214, 109 , 
214, 116 , 214, 117 , 214, 137 , 214, 140 , 214, 143 , 214, 151 
, 214, 169 , 214, 177 , 214, 184 , 214, 193 , 214, 194 , 214, 
213 , 214, 5 , 215, 9 , 215, 18 , 215, 23 , 215, 32 , 215, 41 
, 215, 54 , 215, 61 , 215, 66 , 215, 79 , 215, 102 , 215, 116 
, 215, 128 , 215, 132 , 215, 138 , 215, 153 , 215, 170 , 215, 
178 , 215, 200 , 215, 208 , 215, 27 , 216, 31 , 216, 52 , 216, 
54 , 216, 61 , 216, 63 , 216, 78 , 216, 83 , 216, 119 , 216, 
132 , 216, 134 , 216, 149 , 216, 164 , 216, 189 , 216, 194 , 
216, 213 , 216, 2 , 217, 21 , 217, 30 , 217, 46 , 217, 47 , 
217, 60 , 217, 67 , 217, 127 , 217, 135 , 217, 163 , 217, 164 , 
217, 168 , 217, 174 , 217, 182 , 217, 189 , 217, 192 , 217, 196 
, 217, 214 , 217, 5 , 218, 9 , 218, 18 , 218, 21 , 218, 48 , 
218, 64 , 218, 71 , 218, 81 , 218, 96 , 218, 101 , 218, 120 , 
218, 127 , 218, 142 , 218, 166 , 218, 168 , 218, 176 , 218, 186 
, 218, 196 , 218, 211 , 218, 14 , 219, 74 , 219, 79 , 219, 88 
, 219, 93 , 219, 113 , 219, 125 , 219, 126 , 219, 130 , 219, 
154 , 219, 207 , 219, 212 , 219, 1 , 220, 10 , 220, 17 , 220, 
24 , 220, 58 , 220, 64 , 220, 69 , 220, 77 , 220, 78 , 220, 82 
, 220, 85 , 220, 103 , 220, 114 , 220, 137 , 220, 140 , 220, 
149 , 220, 200 , 220, 9 , 221, 28 , 221, 34 , 221, 42 , 221, 61 
, 221, 80 , 221, 89 , 221, 132 , 221, 136 , 221, 155 , 221, 161 
, 221, 171 , 221, 179 , 221, 185 , 221, 188 , 221, 195 , 221, 
218 , 221, 64 , 222, 66 , 222, 70 , 222, 85 , 222, 91 , 222, 97 
, 222, 112 , 222, 117 , 222, 128 , 222, 131 , 222, 149 , 222, 
151 , 222, 157 , 222, 173 , 222, 194 , 222, 195 , 222, 210 , 
222, 220 , 222, 29 , 223, 43 , 223, 64 , 223, 74 , 223, 104 , 
223, 110 , 223, 117 , 223, 120 , 223, 126 , 223, 132 , 223, 139 
, 223, 149 , 223, 153 , 223, 167 , 223, 172 , 223, 179 , 223, 
190 , 223, 195 , 223, 205 , 223, 217 , 223, 26 , 224, 28 , 224, 
36 , 224, 56 , 224, 93 , 224, 98 , 224, 113 , 224, 115 , 224, 
119 , 224, 122 , 224, 170 , 224, 171 , 224, 179 , 224, 185 , 
224, 211 , 224, 1 , 225, 10 , 225, 11 , 225, 12 , 225, 15 , 
225, 35 , 225, 36 , 225, 58 , 225, 74 , 225, 75 , 225, 78 , 
225, 97 , 225, 120 , 225, 131 , 225, 135 , 225, 153 , 225, 159 
, 225, 174 , 225, 182 , 225, 194 , 225, 199 , 225, 17 , 226, 21 
, 226, 62 , 226, 65 , 226, 81 , 226, 91 , 226, 113 , 226, 149 
, 226, 175 , 226, 177 , 226, 183 , 226, 191 , 226, 206 , 226, 6 
, 227, 48 , 227, 59 , 227, 60 , 227, 63 , 227, 64 , 227, 77 , 
227, 79 , 227, 86 , 227, 100 , 227, 106 , 227, 112 , 227, 137 , 
227, 143 , 227, 153 , 227, 158 , 227, 171 , 227, 180 , 227, 190 
, 227, 200 , 227, 216 , 227, 217 , 227, 226 , 227, 8 , 228, 11 
, 228, 12 , 228, 25 , 228, 44 , 228, 45 , 228, 47 , 228, 63 , 
228, 67 , 228, 75 , 228, 96 , 228, 108 , 228, 109 , 228, 111 , 
228, 114 , 228, 142 , 228, 149 , 228, 150 , 228, 176 , 228, 201 
, 228, 210 , 228, 8 , 229, 16 , 229, 19 , 229, 30 , 229, 49 , 
229, 94 , 229, 132 , 229, 144 , 229, 158 , 229, 166 , 229, 208 
, 229, 209 , 229, 218 , 229, 219 , 229, 3 , 230, 20 , 230, 21 
, 230, 22 , 230, 36 , 230, 43 , 230, 46 , 230, 69 , 230, 90 , 
230, 106 , 230, 113 , 230, 122 , 230, 135 , 230, 142 , 230, 161 
, 230, 168 , 230, 169 , 230, 170 , 230, 197 , 230, 212 , 230, 
221 , 230, 223 , 230, 17 , 231, 24 , 231, 25 , 231, 34 , 231, 
36 , 231, 48 , 231, 54 , 231, 55 , 231, 62 , 231, 95 , 231, 102 
, 231, 134 , 231, 156 , 231, 188 , 231, 198 , 231, 206 , 231, 
212 , 231, 18 , 232, 19 , 232, 24 , 232, 48 , 232, 64 , 232, 72 
, 232, 86 , 232, 115 , 232, 117 , 232, 118 , 232, 122 , 232, 
131 , 232, 133 , 232, 206 , 232, 209 , 232, 12 , 233, 17 , 233, 
28 , 233, 32 , 233, 35 , 233, 54 , 233, 122 , 233, 147 , 233, 
161 , 233, 168 , 233, 179 , 233, 187 , 233, 212 , 233, 227 , 
233, 228 , 233, 11 , 234, 46 , 234, 50 , 234, 51 , 234, 65 , 
234, 66 , 234, 67 , 234, 72 , 234, 76 , 234, 81 , 234, 92 , 
234, 93 , 234, 119 , 234, 127 , 234, 142 , 234, 156 , 234, 175 
, 234, 181 , 234, 197 , 234, 203 , 234, 205 , 234, 207 , 234, 
229 , 234, 233 , 234, 14 , 235, 33 , 235, 40 , 235, 44 , 235, 
60 , 235, 89 , 235, 120 , 235, 126 , 235, 160 , 235, 198 , 235, 
215 , 235, 230 , 235, 5 , 236, 9 , 236, 12 , 236, 28 , 236, 67 
, 236, 79 , 236, 101 , 236, 113 , 236, 125 , 236, 151 , 236, 
152 , 236, 163 , 236, 166 , 236, 179 , 236, 214 , 236, 221 , 
236, 7 , 237, 17 , 237, 25 , 237, 34 , 237, 101 , 237, 116 , 
237, 130 , 237, 144 , 237, 146 , 237, 177 , 237, 192 , 237, 217 
, 237, 226 , 237, 228 , 237, 229 , 237, 8 , 238, 20 , 238, 29 
, 238, 32 , 238, 37 , 238, 51 , 238, 66 , 238, 95 , 238, 98 , 
238, 109 , 238, 124 , 238, 135 , 238, 146 , 238, 151 , 238, 171 
, 238, 192 , 238, 211 , 238, 232 , 238, 233 , 238, 8 , 239, 53 
, 239, 77 , 239, 85 , 239, 88 , 239, 94 , 239, 95 , 239, 101 , 
239, 124 , 239, 127 , 239, 132 , 239, 135 , 239, 180 , 239, 182 
, 239, 195 , 239, 211 , 239, 224 , 239, 236 , 239, 12 , 240, 16 
, 240, 32 , 240, 38 , 240, 44 , 240, 55 , 240, 73 , 240, 83 , 
240, 91 , 240, 93 , 240, 99 , 240, 104 , 240, 115 , 240, 125 , 
240, 151 , 240, 159 , 240, 162 , 240, 171 , 240, 180 , 240, 188 
, 240, 190 , 240, 194 , 240, 220 , 240, 224 , 240, 225 , 240, 
238 , 240, 14 , 241, 20 , 241, 28 , 241, 66 , 241, 82 , 241, 
110 , 241, 112 , 241, 122 , 241, 127 , 241, 151 , 241, 166 , 
241, 201 , 241, 206 , 241, 208 , 241, 216 , 241, 225 , 241, 3 , 
242, 12 , 242, 15 , 242, 19 , 242, 30 , 242, 36 , 242, 75 , 
242, 90 , 242, 101 , 242, 128 , 242, 132 , 242, 138 , 242, 141 
, 242, 145 , 242, 167 , 242, 174 , 242, 183 , 242, 184 , 242, 
205 , 242, 9 , 243, 52 , 243, 58 , 243, 62 , 243, 70 , 243, 72 
, 243, 79 , 243, 80 , 243, 83 , 243, 105 , 243, 106 , 243, 108 
, 243, 121 , 243, 124 , 243, 125 , 243, 128 , 243, 129 , 243, 
151 , 243, 165 , 243, 171 , 243, 200 , 243, 206 , 243, 210 , 
243, 240 , 243, 1 , 244, 43 , 244, 46 , 244, 106 , 244, 112 , 
244, 158 , 244, 160 , 244, 164 , 244, 174 , 244, 186 , 244, 199 
, 244, 205 , 244, 209 , 244, 210 , 244, 213 , 244, 227 , 244, 
241 , 244, 13 , 245, 29 , 245, 30 , 245, 40 , 245, 57 , 245, 88 
, 245, 101 , 245, 107 , 245, 127 , 245, 128 , 245, 137 , 245, 
145 , 245, 147 , 245, 157 , 245, 171 , 245, 177 , 245, 179 , 
245, 193 , 245, 205 , 245, 207 , 245, 213 , 245, 218 , 245, 222 
, 245, 240 , 245, 244 , 245, 2 , 246, 13 , 246, 64 , 246, 65 , 
246, 77 , 246, 82 , 246, 90 , 246, 95 , 246, 108 , 246, 130 , 
246, 139 , 246, 176 , 246, 195 , 246, 198 , 246, 205 , 246, 218 
, 246, 223 , 246, 225 , 246, 230 , 246, 15 , 247, 27 , 247, 33 
, 247, 38 , 247, 47 , 247, 70 , 247, 86 , 247, 89 , 247, 90 , 
247, 101 , 247, 148 , 247, 159 , 247, 181 , 247, 186 , 247, 189 
, 247, 197 , 247, 198 , 247, 215 , 247, 216 , 247, 235 , 247, 
14 , 248, 15 , 248, 23 , 248, 62 , 248, 76 , 248, 96 , 248, 100 
, 248, 115 , 248, 117 , 248, 166 , 248, 169 , 248, 170 , 248, 
176 , 248, 182 , 248, 191 , 248, 198 , 248, 213 , 248, 218 , 
248, 219 , 248, 221 , 248, 231 , 248, 5 , 249, 34 , 249, 36 , 
249, 37 , 249, 39 , 249, 52 , 249, 57 , 249, 72 , 249, 102 , 
249, 106 , 249, 132 , 249, 136 , 249, 138 , 249, 146 , 249, 166 
, 249, 170 , 249, 196 , 249, 204 , 249, 208 , 249, 219 , 249, 
226 , 249, 247 , 249, 35 , 250, 47 , 250, 48 , 250, 57 , 250, 
69 , 250, 88 , 250, 89 , 250, 127 , 250, 128 , 250, 137 , 250, 
141 , 250, 161 , 250, 195 , 250, 204 , 250, 208 , 250, 225 , 
250, 226 , 250, 241 , 250, 242 , 250, 247 , 250