1 , 2, 1 , 3, 1 , 7, 1 , 16, 1 , 23, 1 , 30, 1 , 47, 1 , 61, 
1 , 66, 1 , 73, 1 , 77, 1 , 78, 2 , 4, 2 , 17, 2 , 19, 2 , 
22, 2 , 26, 2 , 29, 2 , 32, 2 , 38, 2 , 44, 2 , 49, 2 , 76, 2 
, 82, 3 , 10, 3 , 20, 3 , 23, 3 , 28, 3 , 40, 3 , 41, 3 , 42, 
3 , 45, 3 , 50, 3 , 73, 3 , 77, 3 , 80, 3 , 83, 4 , 8, 4 , 9, 
4 , 15, 4 , 25, 4 , 48, 4 , 50, 4 , 59, 4 , 62, 4 , 69, 4 , 
71, 4 , 73, 4 , 76, 4 , 78, 4 , 80, 4 , 84, 4 , 85, 5 , 16, 5 
, 22, 5 , 26, 5 , 27, 5 , 28, 5 , 39, 5 , 40, 5 , 45, 5 , 49, 
5 , 54, 5 , 76, 6 , 12, 6 , 14, 6 , 21, 6 , 23, 6 , 25, 6 , 
34, 6 , 47, 6 , 54, 6 , 58, 6 , 66, 6 , 68, 6 , 69, 7 , 15, 7 
, 16, 7 , 25, 7 , 26, 7 , 29, 7 , 31, 7 , 32, 7 , 36, 7 , 41, 
7 , 43, 7 , 51, 7 , 55, 7 , 78, 8 , 15, 8 , 17, 8 , 19, 8 , 
33, 8 , 36, 8 , 49, 8 , 53, 8 , 57, 8 , 60, 8 , 66, 8 , 76, 8 
, 85, 9 , 44, 9 , 50, 9 , 61, 9 , 63, 9 , 66, 9 , 68, 9 , 70, 
10 , 11, 10 , 15, 10 , 33, 10 , 38, 10 , 41, 10 , 47, 10 , 49, 
10 , 57, 10 , 62, 10 , 63, 10 , 64, 10 , 65, 10 , 75, 11 , 18, 
11 , 21, 11 , 28, 11 , 34, 11 , 35, 11 , 45, 11 , 53, 11 , 57, 
11 , 60, 11 , 63, 11 , 64, 11 , 65, 12 , 17, 12 , 18, 12 , 27, 
12 , 29, 12 , 43, 12 , 44, 12 , 49, 12 , 53, 12 , 61, 12 , 69, 
12 , 80, 13 , 24, 13 , 25, 13 , 28, 13 , 32, 13 , 39, 13 , 43, 
13 , 44, 13 , 45, 13 , 47, 13 , 49, 13 , 50, 13 , 54, 13 , 55, 
13 , 59, 13 , 73, 13 , 78, 13 , 85, 14 , 26, 14 , 27, 14 , 36, 
14 , 41, 14 , 48, 14 , 50, 14 , 54, 14 , 68, 14 , 75, 14 , 77, 
14 , 79, 14 , 82, 15 , 29, 15 , 31, 15 , 34, 15 , 42, 15 , 49, 
15 , 60, 15 , 73, 15 , 74, 15 , 75, 15 , 77, 15 , 80, 16 , 18, 
16 , 23, 16 , 24, 16 , 26, 16 , 31, 16 , 38, 16 , 41, 16 , 43, 
16 , 45, 16 , 52, 16 , 54, 16 , 67, 16 , 71, 16 , 74, 16 , 79, 
17 , 26, 17 , 33, 17 , 34, 17 , 43, 17 , 50, 17 , 57, 17 , 67, 
17 , 68, 17 , 73, 17 , 74, 17 , 76, 18 , 19, 18 , 27, 18 , 28, 
18 , 32, 18 , 38, 18 , 40, 18 , 46, 18 , 47, 18 , 48, 18 , 54, 
18 , 65, 18 , 67, 18 , 70, 18 , 72, 18 , 80, 18 , 82, 18 , 83, 
19 , 23, 19 , 24, 19 , 32, 19 , 36, 19 , 44, 19 , 51, 19 , 60, 
19 , 71, 19 , 77, 19 , 81, 19 , 83, 19 , 85, 20 , 22, 20 , 26, 
20 , 39, 20 , 43, 20 , 50, 20 , 74, 20 , 77, 20 , 83, 21 , 24, 
21 , 42, 21 , 53, 21 , 57, 21 , 66, 21 , 82, 21 , 85, 22 , 27, 
22 , 32, 22 , 35, 22 , 40, 22 , 41, 22 , 52, 22 , 66, 22 , 67, 
22 , 68, 22 , 71, 22 , 85, 23 , 36, 23 , 43, 23 , 45, 23 , 51, 
23 , 66, 23 , 72, 23 , 73, 23 , 74, 23 , 78, 23 , 81, 23 , 83, 
23 , 84, 24 , 35, 24 , 40, 24 , 47, 24 , 49, 24 , 52, 24 , 63, 
24 , 71, 24 , 73, 24 , 75, 24 , 81, 24 , 82, 24 , 83, 24 , 85, 
25 , 30, 25 , 32, 25 , 51, 25 , 53, 25 , 54, 25 , 61, 25 , 69, 
25 , 75, 25 , 79, 25 , 82, 25 , 85, 26 , 31, 26 , 39, 26 , 42, 
26 , 53, 26 , 61, 26 , 63, 26 , 68, 26 , 75, 26 , 79, 26 , 85, 
27 , 33, 27 , 39, 27 , 40, 27 , 47, 27 , 53, 27 , 56, 27 , 60, 
27 , 62, 27 , 64, 27 , 66, 27 , 73, 28 , 41, 28 , 44, 28 , 46, 
28 , 48, 28 , 56, 28 , 59, 28 , 67, 28 , 69, 28 , 70, 28 , 80, 
28 , 84, 28 , 85, 29 , 35, 29 , 36, 29 , 37, 29 , 39, 29 , 47, 
29 , 50, 29 , 53, 29 , 54, 29 , 60, 29 , 77, 29 , 79, 30 , 34, 
30 , 36, 30 , 42, 30 , 48, 30 , 55, 30 , 56, 30 , 70, 30 , 73, 
30 , 74, 30 , 78, 31 , 42, 31 , 47, 31 , 57, 31 , 64, 31 , 66, 
31 , 67, 31 , 68, 31 , 74, 31 , 77, 31 , 83, 31 , 85, 32 , 40, 
32 , 44, 32 , 48, 32 , 56, 32 , 57, 32 , 62, 32 , 63, 32 , 68, 
32 , 70, 33 , 37, 33 , 38, 33 , 42, 33 , 44, 33 , 45, 33 , 62, 
33 , 65, 33 , 76, 33 , 78, 33 , 80, 34 , 42, 34 , 44, 34 , 48, 
34 , 57, 34 , 69, 34 , 73, 34 , 79, 35 , 40, 35 , 45, 35 , 47, 
35 , 50, 35 , 53, 35 , 61, 35 , 64, 35 , 71, 35 , 74, 35 , 77, 
36 , 48, 36 , 62, 36 , 74, 36 , 75, 36 , 76, 36 , 83, 36 , 84, 
37 , 44, 37 , 46, 37 , 48, 37 , 50, 37 , 66, 37 , 67, 37 , 69, 
37 , 77, 38 , 41, 38 , 43, 38 , 50, 38 , 55, 38 , 66, 38 , 70, 
38 , 73, 39 , 52, 39 , 55, 39 , 61, 39 , 62, 39 , 63, 39 , 69, 
39 , 84, 40 , 42, 40 , 48, 40 , 51, 40 , 63, 40 , 65, 40 , 71, 
40 , 72, 40 , 73, 40 , 85, 41 , 42, 41 , 49, 41 , 51, 41 , 53, 
41 , 57, 41 , 58, 41 , 67, 41 , 78, 41 , 84, 42 , 43, 42 , 45, 
42 , 61, 42 , 67, 42 , 71, 42 , 75, 42 , 85, 43 , 44, 43 , 50, 
43 , 65, 43 , 66, 43 , 77, 43 , 79, 44 , 51, 45 , 47, 45 , 50, 
45 , 54, 45 , 58, 45 , 63, 45 , 67, 45 , 68, 45 , 70, 46 , 56, 
46 , 62, 46 , 63, 46 , 65, 46 , 66, 46 , 79, 47 , 50, 47 , 59, 
47 , 60, 47 , 67, 47 , 70, 47 , 73, 47 , 78, 47 , 85, 48 , 49, 
48 , 62, 48 , 66, 48 , 68, 48 , 71, 48 , 73, 48 , 74, 49 , 53, 
49 , 55, 49 , 64, 49 , 66, 49 , 67, 49 , 79, 49 , 84, 49 , 85, 
50 , 51, 50 , 62, 50 , 71, 50 , 81, 51 , 53, 51 , 54, 52 , 56, 
52 , 80, 52 , 81, 53 , 56, 53 , 57, 53 , 63, 54 , 57, 54 , 62, 
54 , 65, 54 , 66, 54 , 67, 54 , 71, 54 , 72, 54 , 84, 54 , 85, 
55 , 60, 55 , 61, 55 , 62, 55 , 65, 55 , 68, 55 , 70, 55 , 74, 
55 , 77, 56 , 57, 56 , 67, 56 , 69, 56 , 71, 56 , 81, 57 , 58, 
57 , 61, 57 , 73, 57 , 76, 58 , 59, 58 , 60, 58 , 61, 58 , 62, 
58 , 74, 59 , 61, 59 , 79, 60 , 61, 60 , 62, 60 , 64, 60 , 71, 
60 , 78, 61 , 65, 61 , 68, 61 , 72, 61 , 78, 63 , 65, 63 , 66, 
63 , 74, 63 , 84, 63 , 85, 64 , 65, 64 , 66, 64 , 81, 64 , 85, 
65 , 78, 66 , 70, 66 , 78, 68 , 70, 68 , 78, 68 , 85, 69 , 70, 
69 , 82, 69 , 85, 70 , 75, 70 , 85, 71 , 75, 71 , 77, 71 , 79, 
71 , 84, 72 , 74, 72 , 77, 72 , 81, 72 , 83, 73 , 74, 74 , 77, 
74 , 81, 75 , 76, 75 , 77, 75 , 83, 75 , 85, 77 , 79, 77 , 80, 
77 , 81, 77 , 85, 78 , 82, 79 , 80, 79 , 83, 80 , 81, 80 , 83, 
81 , 85, 83 , 85