1 , 3, 4 , 6, 5 , 6, 4 , 9, 7 , 9, 2 , 10, 3 , 10, 6 , 10, 5 
, 11, 8 , 11, 11 , 12, 5 , 13, 10 , 13, 12 , 13, 2 , 15, 11 , 
15, 9 , 16, 1 , 17, 14 , 18, 2 , 19, 7 , 19, 10 , 19, 11 , 19, 
16 , 19, 17 , 19, 18 , 19, 1 , 20, 10 , 20, 12 , 20, 3 , 21, 4 
, 21, 5 , 21, 2 , 22, 10 , 22, 11 , 22, 17 , 22, 2 , 23, 11 , 
23, 19 , 23, 2 , 24, 3 , 24, 7 , 24, 8 , 24, 17 , 24, 9 , 25, 
14 , 25, 19 , 25, 2 , 26, 5 , 26, 6 , 26, 12 , 26, 15 , 26, 21 
, 26, 24 , 26, 3 , 27, 6 , 27, 17 , 27, 9 , 28, 22 , 28, 5 , 
29, 8 , 29, 14 , 29, 15 , 29, 19 , 29, 20 , 29, 24 , 29, 8 , 
30, 11 , 30, 19 , 30, 25 , 30, 28 , 30, 29 , 30, 1 , 31, 9 , 
31, 11 , 31, 22 , 31, 24 , 31, 1 , 32, 5 , 32, 6 , 32, 11 , 
32, 12 , 32, 19 , 32, 20 , 32, 26 , 32, 27 , 32, 3 , 33, 5 , 
33, 6 , 33, 9 , 33, 18 , 33, 22 , 33, 5 , 34, 14 , 34, 17 , 
34, 19 , 34, 25 , 34, 26 , 34, 30 , 34, 31 , 34, 6 , 35, 12 , 
35, 16 , 35, 20 , 35, 21 , 35, 24 , 35, 27 , 35, 1 , 36, 5 , 
36, 9 , 36, 10 , 36, 11 , 36, 16 , 36, 24 , 36, 25 , 36, 35 , 
36, 3 , 37, 6 , 37, 10 , 37, 12 , 37, 16 , 37, 21 , 37, 25 , 
37, 29 , 37, 7 , 38, 10 , 38, 19 , 38, 27 , 38, 30 , 38, 32 , 
38, 2 , 39, 14 , 39, 21 , 39, 29 , 39, 30 , 39, 31 , 39, 5 , 
40, 7 , 40, 8 , 40, 13 , 40, 17 , 40, 25 , 40, 27 , 40, 6 , 
41, 10 , 41, 12 , 41, 18 , 41, 19 , 41, 22 , 41, 35 , 41, 37 , 
41, 3 , 42, 5 , 42, 9 , 42, 10 , 42, 28 , 42, 32 , 42, 33 , 
42, 34 , 42, 36 , 42, 41 , 42, 12 , 43, 18 , 43, 20 , 43, 23 , 
43, 26 , 43, 27 , 43, 36 , 43, 37 , 43, 40 , 43, 2 , 44, 4 , 
44, 13 , 44, 31 , 44, 32 , 44, 36 , 44, 42 , 44, 2 , 45, 27 , 
45, 33 , 45, 37 , 45, 41 , 45, 1 , 46, 2 , 46, 4 , 46, 7 , 46, 
12 , 46, 16 , 46, 20 , 46, 22 , 46, 23 , 46, 28 , 46, 40 , 46, 
41 , 46, 42 , 46, 4 , 47, 5 , 47, 17 , 47, 18 , 47, 20 , 47, 
26 , 47, 29 , 47, 33 , 47, 38 , 47, 44 , 47, 45 , 47, 4 , 48, 
7 , 48, 14 , 48, 17 , 48, 19 , 48, 22 , 48, 41 , 48, 45 , 48, 
4 , 49, 9 , 49, 10 , 49, 13 , 49, 14 , 49, 20 , 49, 21 , 49, 
27 , 49, 31 , 49, 32 , 49, 36 , 49, 38 , 49, 39 , 49, 42 , 49, 
4 , 50, 6 , 50, 7 , 50, 18 , 50, 38 , 50, 40 , 50, 45 , 50, 7 
, 51, 8 , 51, 16 , 51, 21 , 51, 30 , 51, 47 , 51, 49 , 51, 9 
, 52, 13 , 52, 14 , 52, 23 , 52, 32 , 52, 39 , 52, 42 , 52, 43 
, 52, 46 , 52, 50 , 52, 3 , 53, 8 , 53, 21 , 53, 23 , 53, 27 
, 53, 31 , 53, 32 , 53, 37 , 53, 41 , 53, 42 , 53, 50 , 53, 5 
, 54, 14 , 54, 15 , 54, 27 , 54, 29 , 54, 30 , 54, 34 , 54, 35 
, 54, 36 , 54, 40 , 54, 42 , 54, 46 , 54, 50 , 54, 53 , 54, 8 
, 55, 12 , 55, 15 , 55, 25 , 55, 29 , 55, 32 , 55, 34 , 55, 42 
, 55, 51 , 55, 11 , 56, 13 , 56, 16 , 56, 21 , 56, 24 , 56, 26 
, 56, 29 , 56, 32 , 56, 47 , 56, 48 , 56, 52 , 56, 53 , 56, 10 
, 57, 12 , 57, 14 , 57, 16 , 57, 22 , 57, 34 , 57, 38 , 57, 40 
, 57, 43 , 57, 44 , 57, 45 , 57, 48 , 57, 50 , 57, 51 , 57, 1 
, 58, 2 , 58, 10 , 58, 12 , 58, 15 , 58, 21 , 58, 28 , 58, 30 
, 58, 31 , 58, 36 , 58, 42 , 58, 50 , 58, 52 , 58, 54 , 58, 13 
, 59, 14 , 59, 25 , 59, 26 , 59, 27 , 59, 29 , 59, 35 , 59, 51 
, 59, 52 , 59, 53 , 59, 55 , 59, 57 , 59, 58 , 59, 5 , 60, 6 
, 60, 9 , 60, 22 , 60, 24 , 60, 32 , 60, 37 , 60, 42 , 60, 52 
, 60, 54 , 60, 13 , 61, 16 , 61, 28 , 61, 30 , 61, 33 , 61, 39 
, 61, 45 , 61, 48 , 61, 53 , 61, 2 , 62, 4 , 62, 5 , 62, 6 , 
62, 11 , 62, 15 , 62, 17 , 62, 25 , 62, 33 , 62, 36 , 62, 37 , 
62, 38 , 62, 46 , 62, 50 , 62, 51 , 62, 55 , 62, 4 , 63, 9 , 
63, 12 , 63, 17 , 63, 22 , 63, 23 , 63, 26 , 63, 28 , 63, 29 , 
63, 36 , 63, 39 , 63, 41 , 63, 49 , 63, 51 , 63, 5 , 64, 10 , 
64, 14 , 64, 15 , 64, 16 , 64, 17 , 64, 21 , 64, 24 , 64, 27 , 
64, 28 , 64, 42 , 64, 49 , 64, 54 , 64, 62 , 64, 1 , 65, 4 , 
65, 7 , 65, 13 , 65, 18 , 65, 27 , 65, 28 , 65, 30 , 65, 32 , 
65, 34 , 65, 36 , 65, 42 , 65, 46 , 65, 49 , 65, 50 , 65, 60 , 
65, 61 , 65, 1 , 66, 3 , 66, 11 , 66, 18 , 66, 20 , 66, 23 , 
66, 28 , 66, 32 , 66, 33 , 66, 37 , 66, 39 , 66, 41 , 66, 44 , 
66, 50 , 66, 52 , 66, 2 , 67, 4 , 67, 18 , 67, 20 , 67, 25 , 
67, 27 , 67, 28 , 67, 34 , 67, 45 , 67, 49 , 67, 54 , 67, 55 , 
67, 65 , 67, 66 , 67, 7 , 68, 13 , 68, 27 , 68, 31 , 68, 36 , 
68, 44 , 68, 45 , 68, 52 , 68, 53 , 68, 55 , 68, 57 , 68, 58 , 
68, 59 , 68, 61 , 68, 62 , 68, 67 , 68, 15 , 69, 16 , 69, 21 , 
69, 23 , 69, 47 , 69, 53 , 69, 58 , 69, 2 , 70, 4 , 70, 8 , 
70, 25 , 70, 41 , 70, 43 , 70, 44 , 70, 46 , 70, 10 , 71, 16 , 
71, 25 , 71, 32 , 71, 36 , 71, 38 , 71, 43 , 71, 49 , 71, 58 , 
71, 60 , 71, 65 , 71, 66 , 71, 68 , 71, 4 , 72, 6 , 72, 11 , 
72, 15 , 72, 19 , 72, 22 , 72, 28 , 72, 30 , 72, 31 , 72, 36 , 
72, 37 , 72, 44 , 72, 47 , 72, 51 , 72, 56 , 72, 64 , 72, 66 , 
72, 3 , 73, 13 , 73, 15 , 73, 16 , 73, 17 , 73, 24 , 73, 27 , 
73, 29 , 73, 45 , 73, 48 , 73, 65 , 73, 72 , 73, 2 , 74, 3 , 
74, 8 , 74, 20 , 74, 30 , 74, 32 , 74, 34 , 74, 37 , 74, 38 , 
74, 49 , 74, 61 , 74, 71 , 74, 7 , 75, 9 , 75, 12 , 75, 13 , 
75, 16 , 75, 24 , 75, 29 , 75, 30 , 75, 52 , 75, 58 , 75, 71 , 
75, 72 , 75, 7 , 76, 17 , 76, 18 , 76, 19 , 76, 21 , 76, 22 , 
76, 24 , 76, 27 , 76, 31 , 76, 35 , 76, 39 , 76, 51 , 76, 52 , 
76, 54 , 76, 55 , 76, 19 , 77, 28 , 77, 32 , 77, 35 , 77, 40 , 
77, 43 , 77, 44 , 77, 1 , 78, 3 , 78, 6 , 78, 13 , 78, 25 , 
78, 28 , 78, 29 , 78, 30 , 78, 38 , 78, 42 , 78, 47 , 78, 48 , 
78, 58 , 78, 61 , 78, 65 , 78, 66 , 78, 69 , 78, 70 , 78, 12 , 
79, 26 , 79, 33 , 79, 35 , 79, 36 , 79, 38 , 79, 41 , 79, 44 , 
79, 47 , 79, 51 , 79, 77 , 79, 8 , 80, 11 , 80, 17 , 80, 19 , 
80, 20 , 80, 24 , 80, 40 , 80, 46 , 80, 55 , 80, 64 , 80, 68 , 
80, 78 , 80, 5 , 81, 11 , 81, 12 , 81, 18 , 81, 20 , 81, 25 , 
81, 46 , 81, 48 , 81, 49 , 81, 56 , 81, 66 , 81, 68 , 81, 74 , 
81, 77 , 81, 3 , 82, 5 , 82, 9 , 82, 21 , 82, 24 , 82, 38 , 
82, 40 , 82, 41 , 82, 52 , 82, 62 , 82, 64 , 82, 74 , 82, 76 , 
82, 77 , 82, 78 , 82, 1 , 83, 14 , 83, 19 , 83, 20 , 83, 25 , 
83, 26 , 83, 28 , 83, 31 , 83, 34 , 83, 35 , 83, 37 , 83, 39 , 
83, 40 , 83, 43 , 83, 49 , 83, 50 , 83, 64 , 83, 70 , 83, 1 , 
84, 11 , 84, 15 , 84, 17 , 84, 21 , 84, 22 , 84, 37 , 84, 38 , 
84, 48 , 84, 49 , 84, 54 , 84, 55 , 84, 56 , 84, 70 , 84, 71 , 
84, 74 , 84, 75 , 84, 81 , 84, 1 , 85, 12 , 85, 15 , 85, 24 , 
85, 28 , 85, 34 , 85, 35 , 85, 37 , 85, 44 , 85, 47 , 85, 48 , 
85, 51 , 85, 64 , 85, 67 , 85, 75 , 85, 7 , 86, 20 , 86, 22 , 
86, 26 , 86, 28 , 86, 31 , 86, 41 , 86, 43 , 86, 47 , 86, 49 , 
86, 52 , 86, 61 , 86, 62 , 86, 65 , 86, 73 , 86, 79 , 86, 84 , 
86, 85 , 86, 9 , 87, 14 , 87, 16 , 87, 17 , 87, 20 , 87, 22 , 
87, 32 , 87, 37 , 87, 39 , 87, 40 , 87, 41 , 87, 42 , 87, 47 , 
87, 50 , 87, 56 , 87, 57 , 87, 67 , 87, 71 , 87, 77 , 87, 81 , 
87, 11 , 88, 13 , 88, 14 , 88, 29 , 88, 35 , 88, 36 , 88, 41 , 
88, 43 , 88, 44 , 88, 50 , 88, 52 , 88, 58 , 88, 69 , 88, 70 , 
88, 71 , 88, 75 , 88, 83 , 88, 87 , 88, 4 , 89, 7 , 89, 10 , 
89, 13 , 89, 24 , 89, 25 , 89, 31 , 89, 34 , 89, 41 , 89, 53 , 
89, 56 , 89, 64 , 89, 66 , 89, 73 , 89, 74 , 89, 77 , 89, 80 , 
89, 87 , 89, 8 , 90, 19 , 90, 25 , 90, 26 , 90, 34 , 90, 35 , 
90, 41 , 90, 44 , 90, 46 , 90, 47 , 90, 59 , 90, 60 , 90, 61 , 
90, 64 , 90, 73 , 90, 85 , 90, 87 , 90, 7 , 91, 21 , 91, 30 , 
91, 32 , 91, 42 , 91, 45 , 91, 50 , 91, 51 , 91, 55 , 91, 58 , 
91, 60 , 91, 78 , 91, 4 , 92, 5 , 92, 6 , 92, 7 , 92, 15 , 92, 
16 , 92, 18 , 92, 19 , 92, 22 , 92, 30 , 92, 32 , 92, 35 , 92, 
37 , 92, 41 , 92, 43 , 92, 45 , 92, 47 , 92, 48 , 92, 51 , 92, 
52 , 92, 58 , 92, 59 , 92, 63 , 92, 67 , 92, 68 , 92, 69 , 92, 
80 , 92, 86 , 92, 10 , 93, 12 , 93, 16 , 93, 29 , 93, 30 , 93, 
33 , 93, 37 , 93, 41 , 93, 48 , 93, 63 , 93, 69 , 93, 75 , 93, 
91 , 93, 2 , 94, 3 , 94, 12 , 94, 13 , 94, 25 , 94, 32 , 94, 
36 , 94, 37 , 94, 41 , 94, 42 , 94, 51 , 94, 54 , 94, 65 , 94, 
66 , 94, 67 , 94, 68 , 94, 72 , 94, 77 , 94, 90 , 94, 15 , 95, 
24 , 95, 32 , 95, 33 , 95, 40 , 95, 44 , 95, 46 , 95, 53 , 95, 
55 , 95, 57 , 95, 77 , 95, 88 , 95, 89 , 95, 1 , 96, 7 , 96, 9 
, 96, 17 , 96, 24 , 96, 26 , 96, 38 , 96, 47 , 96, 70 , 96, 74 
, 96, 78 , 96, 80 , 96, 84 , 96, 94 , 96, 10 , 97, 12 , 97, 13 
, 97, 18 , 97, 19 , 97, 22 , 97, 24 , 97, 38 , 97, 41 , 97, 51 
, 97, 65 , 97, 68 , 97, 78 , 97, 79 , 97, 81 , 97, 87 , 97, 93 
, 97, 5 , 98, 6 , 98, 12 , 98, 14 , 98, 23 , 98, 26 , 98, 30 
, 98, 31 , 98, 36 , 98, 40 , 98, 49 , 98, 51 , 98, 54 , 98, 61 
, 98, 66 , 98, 68 , 98, 74 , 98, 88 , 98, 92 , 98, 8 , 99, 17 
, 99, 18 , 99, 19 , 99, 25 , 99, 26 , 99, 29 , 99, 35 , 99, 40 
, 99, 45 , 99, 48 , 99, 56 , 99, 66 , 99, 71 , 99, 74 , 99, 77 
, 99, 80 , 99, 83 , 99, 84 , 99, 85 , 99, 89 , 99, 93 , 99, 95 
, 99, 96 , 99, 9 , 100, 10 , 100, 13 , 100, 21 , 100, 24 , 
100, 29 , 100, 35 , 100, 49 , 100, 50 , 100, 51 , 100, 54 , 
100, 55 , 100, 63 , 100, 73 , 100, 75 , 100, 78 , 100, 82 , 
100, 87 , 100, 88 , 100, 89 , 100, 91 , 100, 92 , 100, 96 , 
100, 97 , 100, 98 , 100, 3 , 101, 6 , 101, 25 , 101, 33 , 101, 
42 , 101, 44 , 101, 46 , 101, 48 , 101, 53 , 101, 63 , 101, 66 
, 101, 72 , 101, 73 , 101, 74 , 101, 76 , 101, 77 , 101, 78 , 
101, 83 , 101, 88 , 101, 89 , 101, 91 , 101, 98 , 101, 3 , 102, 
11 , 102, 13 , 102, 21 , 102, 31 , 102, 41 , 102, 48 , 102, 56 
, 102, 61 , 102, 63 , 102, 64 , 102, 65 , 102, 70 , 102, 71 , 
102, 74 , 102, 76 , 102, 82 , 102, 88 , 102, 91 , 102, 95 , 
102, 97 , 102, 5 , 103, 11 , 103, 14 , 103, 19 , 103, 22 , 103, 
28 , 103, 29 , 103, 30 , 103, 31 , 103, 42 , 103, 46 , 103, 77 
, 103, 79 , 103, 86 , 103, 93 , 103, 101 , 103, 8 , 104, 17 , 
104, 25 , 104, 32 , 104, 36 , 104, 37 , 104, 40 , 104, 41 , 
104, 43 , 104, 49 , 104, 51 , 104, 55 , 104, 58 , 104, 61 , 
104, 71 , 104, 73 , 104, 81 , 104, 85 , 104, 94 , 104, 101 , 
104, 4 , 105, 8 , 105, 11 , 105, 19 , 105, 23 , 105, 32 , 105, 
33 , 105, 42 , 105, 43 , 105, 48 , 105, 53 , 105, 65 , 105, 69 
, 105, 87 , 105, 88 , 105, 97 , 105, 104 , 105, 9 , 106, 10 , 
106, 14 , 106, 19 , 106, 20 , 106, 21 , 106, 23 , 106, 24 , 
106, 26 , 106, 28 , 106, 33 , 106, 38 , 106, 40 , 106, 41 , 
106, 45 , 106, 46 , 106, 56 , 106, 57 , 106, 58 , 106, 70 , 
106, 74 , 106, 80 , 106, 87 , 106, 89 , 106, 95 , 106, 100 , 
106, 102 , 106, 5 , 107, 13 , 107, 16 , 107, 17 , 107, 20 , 
107, 49 , 107, 52 , 107, 59 , 107, 64 , 107, 65 , 107, 66 , 
107, 68 , 107, 73 , 107, 74 , 107, 75 , 107, 76 , 107, 80 , 
107, 81 , 107, 84 , 107, 89 , 107, 97 , 107, 99 , 107, 6 , 108, 
11 , 108, 12 , 108, 40 , 108, 43 , 108, 54 , 108, 64 , 108, 75 
, 108, 81 , 108, 91 , 108, 100 , 108, 107 , 108, 13 , 109, 26 
, 109, 29 , 109, 33 , 109, 37 , 109, 41 , 109, 46 , 109, 51 , 
109, 59 , 109, 61 , 109, 65 , 109, 67 , 109, 75 , 109, 77 , 
109, 78 , 109, 89 , 109, 94 , 109, 101 , 109, 102 , 109, 105 , 
109, 1 , 110, 4 , 110, 5 , 110, 7 , 110, 10 , 110, 17 , 110, 24 
, 110, 28 , 110, 30 , 110, 31 , 110, 33 , 110, 35 , 110, 38 , 
110, 39 , 110, 47 , 110, 48 , 110, 56 , 110, 62 , 110, 68 , 
110, 71 , 110, 75 , 110, 79 , 110, 97 , 110, 100 , 110, 5 , 
111, 8 , 111, 9 , 111, 20 , 111, 21 , 111, 24 , 111, 28 , 111, 
32 , 111, 40 , 111, 43 , 111, 47 , 111, 56 , 111, 57 , 111, 63 
, 111, 64 , 111, 67 , 111, 68 , 111, 69 , 111, 70 , 111, 74 , 
111, 82 , 111, 84 , 111, 86 , 111, 89 , 111, 90 , 111, 92 , 
111, 93 , 111, 105 , 111, 110 , 111, 7 , 112, 9 , 112, 12 , 
112, 30 , 112, 32 , 112, 44 , 112, 54 , 112, 63 , 112, 69 , 
112, 79 , 112, 85 , 112, 88 , 112, 91 , 112, 96 , 112, 105 , 
112, 9 , 113, 12 , 113, 31 , 113, 35 , 113, 36 , 113, 40 , 113, 
58 , 113, 59 , 113, 68 , 113, 72 , 113, 73 , 113, 74 , 113, 75 
, 113, 76 , 113, 77 , 113, 80 , 113, 83 , 113, 85 , 113, 108 , 
113, 111 , 113, 112 , 113, 1 , 114, 4 , 114, 7 , 114, 10 , 114, 
16 , 114, 38 , 114, 40 , 114, 55 , 114, 58 , 114, 61 , 114, 65 
, 114, 69 , 114, 74 , 114, 75 , 114, 83 , 114, 94 , 114, 97 , 
114, 100 , 114, 102 , 114, 110 , 114, 112 , 114, 113 , 114, 2 , 
115, 9 , 115, 21 , 115, 23 , 115, 24 , 115, 25 , 115, 28 , 115, 
32 , 115, 45 , 115, 48 , 115, 55 , 115, 58 , 115, 78 , 115, 80 
, 115, 86 , 115, 93 , 115, 94 , 115, 95 , 115, 102 , 115, 106 
, 115, 108 , 115, 6 , 116, 9 , 116, 13 , 116, 16 , 116, 19 , 
116, 21 , 116, 25 , 116, 30 , 116, 38 , 116, 42 , 116, 43 , 
116, 60 , 116, 63 , 116, 64 , 116, 79 , 116, 100 , 116, 101 , 
116, 106 , 116, 108 , 116, 113 , 116, 1 , 117, 13 , 117, 14 , 
117, 15 , 117, 18 , 117, 25 , 117, 38 , 117, 43 , 117, 46 , 
117, 47 , 117, 57 , 117, 62 , 117, 63 , 117, 76 , 117, 80 , 
117, 84 , 117, 85 , 117, 86 , 117, 91 , 117, 95 , 117, 96 , 
117, 102 , 117, 109 , 117, 111 , 117, 1 , 118, 2 , 118, 5 , 
118, 8 , 118, 13 , 118, 17 , 118, 20 , 118, 25 , 118, 26 , 118, 
27 , 118, 33 , 118, 35 , 118, 37 , 118, 40 , 118, 51 , 118, 53 
, 118, 54 , 118, 55 , 118, 64 , 118, 67 , 118, 74 , 118, 85 , 
118, 89 , 118, 90 , 118, 94 , 118, 104 , 118, 114 , 118, 115 , 
118, 4 , 119, 9 , 119, 16 , 119, 19 , 119, 23 , 119, 28 , 119, 
30 , 119, 31 , 119, 40 , 119, 47 , 119, 49 , 119, 50 , 119, 69 
, 119, 91 , 119, 96 , 119, 102 , 119, 105 , 119, 111 , 119, 114 
, 119, 2 , 120, 5 , 120, 15 , 120, 17 , 120, 24 , 120, 25 , 
120, 27 , 120, 32 , 120, 34 , 120, 37 , 120, 50 , 120, 51 , 
120, 55 , 120, 56 , 120, 57 , 120, 63 , 120, 65 , 120, 66 , 
120, 67 , 120, 71 , 120, 75 , 120, 80 , 120, 83 , 120, 84 , 
120, 88 , 120, 104 , 120, 107 , 120, 109 , 120, 114 , 120, 119 
, 120, 4 , 121, 7 , 121, 8 , 121, 14 , 121, 15 , 121, 16 , 
121, 21 , 121, 23 , 121, 26 , 121, 40 , 121, 44 , 121, 49 , 
121, 52 , 121, 53 , 121, 56 , 121, 61 , 121, 63 , 121, 65 , 
121, 67 , 121, 68 , 121, 77 , 121, 82 , 121, 83 , 121, 84 , 
121, 90 , 121, 95 , 121, 102 , 121, 108 , 121, 112 , 121, 5 , 
122, 6 , 122, 20 , 122, 24 , 122, 26 , 122, 31 , 122, 32 , 122, 
33 , 122, 38 , 122, 41 , 122, 42 , 122, 45 , 122, 64 , 122, 71 
, 122, 75 , 122, 82 , 122, 89 , 122, 90 , 122, 101 , 122, 103 
, 122, 110 , 122, 119 , 122, 4 , 123, 13 , 123, 16 , 123, 32 , 
123, 38 , 123, 40 , 123, 46 , 123, 50 , 123, 51 , 123, 58 , 
123, 90 , 123, 91 , 123, 92 , 123, 97 , 123, 106 , 123, 113 , 
123, 122 , 123, 3 , 124, 5 , 124, 24 , 124, 37 , 124, 46 , 124, 
64 , 124, 66 , 124, 67 , 124, 75 , 124, 84 , 124, 85 , 124, 94 
, 124, 104 , 124, 107 , 124, 109 , 124, 117 , 124, 122 , 124, 4 
, 125, 9 , 125, 11 , 125, 15 , 125, 17 , 125, 24 , 125, 26 , 
125, 32 , 125, 44 , 125, 47 , 125, 53 , 125, 66 , 125, 67 , 
125, 70 , 125, 71 , 125, 76 , 125, 77 , 125, 84 , 125, 87 , 
125, 88 , 125, 89 , 125, 99 , 125, 100 , 125, 101 , 125, 102 , 
125, 105 , 125, 109 , 125, 110 , 125, 112 , 125, 118 , 125, 121 
, 125, 122 , 125, 4 , 126, 5 , 126, 8 , 126, 16 , 126, 39 , 
126, 51 , 126, 55 , 126, 60 , 126, 68 , 126, 73 , 126, 78 , 
126, 83 , 126, 93 , 126, 95 , 126, 105 , 126, 111 , 126, 113 , 
126, 118 , 126, 121 , 126, 3 , 127, 16 , 127, 19 , 127, 20 , 
127, 24 , 127, 26 , 127, 34 , 127, 51 , 127, 56 , 127, 68 , 
127, 70 , 127, 71 , 127, 73 , 127, 75 , 127, 78 , 127, 79 , 
127, 86 , 127, 91 , 127, 98 , 127, 104 , 127, 107 , 127, 109 , 
127, 112 , 127, 115 , 127, 118 , 127, 123 , 127, 2 , 128, 4 , 
128, 5 , 128, 11 , 128, 20 , 128, 28 , 128, 30 , 128, 34 , 128, 
38 , 128, 44 , 128, 45 , 128, 46 , 128, 50 , 128, 52 , 128, 54 
, 128, 58 , 128, 59 , 128, 60 , 128, 61 , 128, 62 , 128, 68 , 
128, 70 , 128, 71 , 128, 77 , 128, 80 , 128, 85 , 128, 102 , 
128, 112 , 128, 122 , 128, 124 , 128, 126 , 128, 4 , 129, 5 , 
129, 7 , 129, 13 , 129, 15 , 129, 16 , 129, 24 , 129, 43 , 129, 
50 , 129, 51 , 129, 53 , 129, 64 , 129, 74 , 129, 76 , 129, 77 
, 129, 80 , 129, 82 , 129, 103 , 129, 111 , 129, 115 , 129, 118 
, 129, 126 , 129, 2 , 130, 5 , 130, 14 , 130, 19 , 130, 30 , 
130, 35 , 130, 40 , 130, 44 , 130, 48 , 130, 49 , 130, 50 , 
130, 52 , 130, 53 , 130, 56 , 130, 65 , 130, 67 , 130, 70 , 
130, 73 , 130, 78 , 130, 79 , 130, 83 , 130, 84 , 130, 90 , 
130, 93 , 130, 94 , 130, 101 , 130, 102 , 130, 103 , 130, 114 , 
130, 115 , 130, 118 , 130, 126 , 130, 2 , 131, 4 , 131, 5 , 
131, 6 , 131, 9 , 131, 17 , 131, 19 , 131, 21 , 131, 33 , 131, 
42 , 131, 45 , 131, 48 , 131, 52 , 131, 54 , 131, 57 , 131, 66 
, 131, 67 , 131, 69 , 131, 70 , 131, 78 , 131, 79 , 131, 81 , 
131, 84 , 131, 94 , 131, 95 , 131, 96 , 131, 102 , 131, 103 , 
131, 104 , 131, 110 , 131, 111 , 131, 117 , 131, 120 , 131, 128 
, 131, 2 , 132, 5 , 132, 10 , 132, 18 , 132, 35 , 132, 37 , 
132, 39 , 132, 42 , 132, 54 , 132, 58 , 132, 74 , 132, 78 , 
132, 79 , 132, 86 , 132, 90 , 132, 95 , 132, 99 , 132, 101 , 
132, 104 , 132, 109 , 132, 111 , 132, 113 , 132, 118 , 132, 123 
, 132, 131 , 132, 3 , 133, 4 , 133, 11 , 133, 15 , 133, 28 , 
133, 29 , 133, 32 , 133, 33 , 133, 38 , 133, 42 , 133, 51 , 
133, 53 , 133, 54 , 133, 55 , 133, 57 , 133, 62 , 133, 70 , 
133, 73 , 133, 77 , 133, 80 , 133, 89 , 133, 96 , 133, 106 , 
133, 121 , 133, 122 , 133, 127 , 133, 4 , 134, 5 , 134, 6 , 
134, 14 , 134, 15 , 134, 27 , 134, 37 , 134, 40 , 134, 44 , 
134, 50 , 134, 56 , 134, 57 , 134, 59 , 134, 64 , 134, 67 , 
134, 69 , 134, 74 , 134, 82 , 134, 83 , 134, 90 , 134, 91 , 
134, 98 , 134, 106 , 134, 111 , 134, 117 , 134, 124 , 134, 126 
, 134, 3 , 135, 5 , 135, 6 , 135, 8 , 135, 9 , 135, 12 , 135, 
13 , 135, 16 , 135, 29 , 135, 34 , 135, 35 , 135, 36 , 135, 45 
, 135, 48 , 135, 58 , 135, 59 , 135, 61 , 135, 68 , 135, 81 , 
135, 83 , 135, 86 , 135, 88 , 135, 97 , 135, 103 , 135, 107 , 
135, 108 , 135, 125 , 135, 127 , 135, 130 , 135, 1 , 136, 2 , 
136, 7 , 136, 12 , 136, 16 , 136, 18 , 136, 25 , 136, 30 , 136, 
33 , 136, 35 , 136, 37 , 136, 49 , 136, 50 , 136, 53 , 136, 60 
, 136, 66 , 136, 69 , 136, 74 , 136, 79 , 136, 81 , 136, 84 , 
136, 88 , 136, 92 , 136, 95 , 136, 98 , 136, 102 , 136, 103 , 
136, 104 , 136, 108 , 136, 114 , 136, 115 , 136, 117 , 136, 119 
, 136, 131 , 136, 134 , 136, 2 , 137, 9 , 137, 14 , 137, 15 , 
137, 19 , 137, 21 , 137, 33 , 137, 34 , 137, 36 , 137, 39 , 
137, 46 , 137, 48 , 137, 54 , 137, 55 , 137, 56 , 137, 79 , 
137, 82 , 137, 84 , 137, 87 , 137, 92 , 137, 101 , 137, 117 , 
137, 123 , 137, 124 , 137, 125 , 137, 1 , 138, 3 , 138, 4 , 
138, 5 , 138, 10 , 138, 12 , 138, 26 , 138, 33 , 138, 36 , 138, 
40 , 138, 44 , 138, 46 , 138, 49 , 138, 52 , 138, 72 , 138, 82 
, 138, 89 , 138, 96 , 138, 98 , 138, 99 , 138, 100 , 138, 102 
, 138, 108 , 138, 110 , 138, 113 , 138, 116 , 138, 118 , 138, 
124 , 138, 126 , 138, 137 , 138, 25 , 139, 26 , 139, 27 , 139, 
34 , 139, 37 , 139, 41 , 139, 48 , 139, 52 , 139, 56 , 139, 61 
, 139, 74 , 139, 95 , 139, 100 , 139, 106 , 139, 111 , 139, 114 
, 139, 122 , 139, 124 , 139, 135 , 139, 1 , 140, 2 , 140, 10 , 
140, 11 , 140, 15 , 140, 24 , 140, 25 , 140, 26 , 140, 28 , 
140, 37 , 140, 44 , 140, 47 , 140, 59 , 140, 66 , 140, 76 , 
140, 85 , 140, 93 , 140, 102 , 140, 105 , 140, 108 , 140, 116 , 
140, 119 , 140, 123 , 140, 125 , 140, 133 , 140, 134 , 140, 16 
, 141, 19 , 141, 23 , 141, 32 , 141, 42 , 141, 45 , 141, 49 , 
141, 51 , 141, 52 , 141, 53 , 141, 56 , 141, 59 , 141, 64 , 
141, 75 , 141, 78 , 141, 80 , 141, 83 , 141, 85 , 141, 90 , 
141, 93 , 141, 96 , 141, 98 , 141, 100 , 141, 101 , 141, 102 , 
141, 108 , 141, 115 , 141, 120 , 141, 127 , 141, 131 , 141, 4 , 
142, 8 , 142, 12 , 142, 20 , 142, 25 , 142, 27 , 142, 37 , 142, 
40 , 142, 43 , 142, 44 , 142, 76 , 142, 85 , 142, 91 , 142, 96 
, 142, 100 , 142, 104 , 142, 112 , 142, 118 , 142, 122 , 142, 
126 , 142, 127 , 142, 137 , 142, 3 , 143, 9 , 143, 13 , 143, 17 
, 143, 20 , 143, 27 , 143, 28 , 143, 54 , 143, 62 , 143, 65 , 
143, 67 , 143, 72 , 143, 74 , 143, 78 , 143, 81 , 143, 82 , 
143, 84 , 143, 86 , 143, 98 , 143, 102 , 143, 105 , 143, 106 , 
143, 110 , 143, 114 , 143, 115 , 143, 116 , 143, 119 , 143, 123 
, 143, 125 , 143, 127 , 143, 129 , 143, 130 , 143, 131 , 143, 
133 , 143, 2 , 144, 17 , 144, 25 , 144, 38 , 144, 43 , 144, 48 
, 144, 49 , 144, 52 , 144, 53 , 144, 55 , 144, 71 , 144, 77 , 
144, 79 , 144, 81 , 144, 83 , 144, 96 , 144, 102 , 144, 104 , 
144, 105 , 144, 106 , 144, 109 , 144, 115 , 144, 126 , 144, 132 
, 144, 138 , 144, 139 , 144, 1 , 145, 5 , 145, 14 , 145, 19 , 
145, 24 , 145, 26 , 145, 31 , 145, 35 , 145, 41 , 145, 50 , 
145, 57 , 145, 58 , 145, 62 , 145, 64 , 145, 67 , 145, 74 , 
145, 81 , 145, 83 , 145, 91 , 145, 99 , 145, 106 , 145, 114 , 
145, 118 , 145, 121 , 145, 123 , 145, 126 , 145, 127 , 145, 134 
, 145, 1 , 146, 6 , 146, 15 , 146, 17 , 146, 22 , 146, 27 , 
146, 33 , 146, 40 , 146, 43 , 146, 49 , 146, 52 , 146, 55 , 
146, 66 , 146, 70 , 146, 76 , 146, 83 , 146, 84 , 146, 95 , 
146, 101 , 146, 103 , 146, 108 , 146, 113 , 146, 122 , 146, 134 
, 146, 136 , 146, 12 , 147, 17 , 147, 18 , 147, 31 , 147, 32 , 
147, 38 , 147, 40 , 147, 41 , 147, 43 , 147, 49 , 147, 50 , 
147, 56 , 147, 57 , 147, 61 , 147, 75 , 147, 82 , 147, 85 , 
147, 95 , 147, 103 , 147, 111 , 147, 113 , 147, 114 , 147, 117 
, 147, 127 , 147, 131 , 147, 134 , 147, 4 , 148, 7 , 148, 12 , 
148, 31 , 148, 34 , 148, 37 , 148, 38 , 148, 41 , 148, 42 , 
148, 43 , 148, 48 , 148, 53 , 148, 54 , 148, 57 , 148, 63 , 
148, 72 , 148, 82 , 148, 101 , 148, 115 , 148, 120 , 148, 129 , 
148, 4 , 149, 11 , 149, 12 , 149, 15 , 149, 31 , 149, 39 , 149, 
40 , 149, 41 , 149, 42 , 149, 48 , 149, 49 , 149, 53 , 149, 58 
, 149, 61 , 149, 64 , 149, 66 , 149, 70 , 149, 72 , 149, 84 , 
149, 87 , 149, 88 , 149, 89 , 149, 92 , 149, 94 , 149, 111 , 
149, 112 , 149, 114 , 149, 115 , 149, 128 , 149, 134 , 149, 140 
, 149, 144 , 149, 146 , 149, 148 , 149, 6 , 150, 22 , 150, 24 
, 150, 25 , 150, 32 , 150, 37 , 150, 39 , 150, 52 , 150, 55 , 
150, 59 , 150, 60 , 150, 65 , 150, 66 , 150, 67 , 150, 91 , 
150, 95 , 150, 111 , 150, 116 , 150, 120 , 150, 146 , 150, 3 , 
151, 18 , 151, 24 , 151, 31 , 151, 40 , 151, 43 , 151, 46 , 
151, 52 , 151, 72 , 151, 78 , 151, 83 , 151, 85 , 151, 88 , 
151, 91 , 151, 94 , 151, 105 , 151, 117 , 151, 129 , 151, 144 , 
151, 145 , 151, 148 , 151, 149 , 151, 150 , 151, 1 , 152, 3 , 
152, 9 , 152, 14 , 152, 21 , 152, 24 , 152, 31 , 152, 40 , 152, 
41 , 152, 43 , 152, 45 , 152, 48 , 152, 49 , 152, 60 , 152, 62 
, 152, 63 , 152, 64 , 152, 70 , 152, 73 , 152, 74 , 152, 80 , 
152, 84 , 152, 90 , 152, 94 , 152, 110 , 152, 115 , 152, 117 , 
152, 129 , 152, 136 , 152, 140 , 152, 149 , 152, 11 , 153, 15 , 
153, 18 , 153, 26 , 153, 39 , 153, 53 , 153, 65 , 153, 69 , 
153, 72 , 153, 76 , 153, 77 , 153, 82 , 153, 91 , 153, 92 , 
153, 96 , 153, 107 , 153, 110 , 153, 116 , 153, 118 , 153, 119 
, 153, 120 , 153, 121 , 153, 127 , 153, 130 , 153, 132 , 153, 
133 , 153, 1 , 154, 9 , 154, 13 , 154, 23 , 154, 27 , 154, 29 
, 154, 31 , 154, 38 , 154, 40 , 154, 48 , 154, 60 , 154, 64 , 
154, 70 , 154, 73 , 154, 78 , 154, 84 , 154, 88 , 154, 91 , 
154, 94 , 154, 97 , 154, 101 , 154, 118 , 154, 124 , 154, 136 , 
154, 143 , 154, 144 , 154, 145 , 154, 5 , 155, 7 , 155, 8 , 
155, 13 , 155, 15 , 155, 17 , 155, 35 , 155, 50 , 155, 52 , 
155, 62 , 155, 65 , 155, 66 , 155, 70 , 155, 75 , 155, 77 , 
155, 80 , 155, 81 , 155, 85 , 155, 88 , 155, 90 , 155, 95 , 
155, 96 , 155, 97 , 155, 104 , 155, 106 , 155, 107 , 155, 109 , 
155, 117 , 155, 121 , 155, 127 , 155, 128 , 155, 135 , 155, 136 
, 155, 142 , 155, 145 , 155, 148 , 155, 1 , 156, 5 , 156, 6 , 
156, 13 , 156, 15 , 156, 17 , 156, 32 , 156, 37 , 156, 38 , 
156, 43 , 156, 47 , 156, 53 , 156, 58 , 156, 59 , 156, 64 , 
156, 65 , 156, 78 , 156, 96 , 156, 105 , 156, 109 , 156, 112 , 
156, 118 , 156, 119 , 156, 120 , 156, 121 , 156, 129 , 156, 135 
, 156, 136 , 156, 137 , 156, 143 , 156, 144 , 156, 148 , 156, 
154 , 156, 3 , 157, 33 , 157, 35 , 157, 40 , 157, 43 , 157, 46 
, 157, 49 , 157, 55 , 157, 65 , 157, 71 , 157, 72 , 157, 76 , 
157, 80 , 157, 81 , 157, 88 , 157, 89 , 157, 92 , 157, 93 , 
157, 95 , 157, 99 , 157, 103 , 157, 104 , 157, 106 , 157, 109 , 
157, 110 , 157, 112 , 157, 114 , 157, 116 , 157, 118 , 157, 119 
, 157, 120 , 157, 125 , 157, 128 , 157, 132 , 157, 134 , 157, 
137 , 157, 144 , 157, 147 , 157, 148 , 157, 151 , 157, 152 , 
157, 154 , 157, 3 , 158, 11 , 158, 14 , 158, 16 , 158, 19 , 
158, 20 , 158, 22 , 158, 27 , 158, 29 , 158, 39 , 158, 46 , 
158, 49 , 158, 57 , 158, 60 , 158, 61 , 158, 75 , 158, 77 , 
158, 78 , 158, 82 , 158, 84 , 158, 87 , 158, 96 , 158, 98 , 
158, 100 , 158, 117 , 158, 123 , 158, 126 , 158, 127 , 158, 134 
, 158, 141 , 158, 145 , 158, 146 , 158, 147 , 158, 148 , 158, 
151 , 158, 5 , 159, 17 , 159, 19 , 159, 25 , 159, 28 , 159, 31 
, 159, 34 , 159, 39 , 159, 41 , 159, 42 , 159, 53 , 159, 61 , 
159, 72 , 159, 77 , 159, 83 , 159, 84 , 159, 90 , 159, 92 , 
159, 104 , 159, 109 , 159, 111 , 159, 119 , 159, 127 , 159, 131 
, 159, 132 , 159, 139 , 159, 142 , 159, 4 , 160, 7 , 160, 10 , 
160, 11 , 160, 14 , 160, 19 , 160, 21 , 160, 23 , 160, 28 , 
160, 41 , 160, 43 , 160, 50 , 160, 52 , 160, 53 , 160, 54 , 
160, 59 , 160, 60 , 160, 65 , 160, 69 , 160, 75 , 160, 78 , 
160, 79 , 160, 81 , 160, 82 , 160, 84 , 160, 92 , 160, 93 , 
160, 97 , 160, 109 , 160, 110 , 160, 112 , 160, 116 , 160, 124 
, 160, 126 , 160, 127 , 160, 136 , 160, 145 , 160, 150 , 160, 
152 , 160, 155 , 160, 157 , 160, 158 , 160, 2 , 161, 4 , 161, 5 
, 161, 9 , 161, 14 , 161, 16 , 161, 18 , 161, 22 , 161, 35 , 
161, 43 , 161, 44 , 161, 63 , 161, 64 , 161, 65 , 161, 79 , 
161, 82 , 161, 89 , 161, 90 , 161, 105 , 161, 110 , 161, 113 , 
161, 117 , 161, 122 , 161, 126 , 161, 140 , 161, 149 , 161, 152 
, 161, 155 , 161, 2 , 162, 7 , 162, 12 , 162, 18 , 162, 20 , 
162, 27 , 162, 35 , 162, 37 , 162, 39 , 162, 40 , 162, 42 , 
162, 52 , 162, 54 , 162, 55 , 162, 56 , 162, 58 , 162, 63 , 
162, 66 , 162, 67 , 162, 71 , 162, 84 , 162, 85 , 162, 89 , 
162, 92 , 162, 98 , 162, 101 , 162, 102 , 162, 103 , 162, 106 , 
162, 107 , 162, 108 , 162, 114 , 162, 116 , 162, 118 , 162, 121 
, 162, 122 , 162, 126 , 162, 127 , 162, 130 , 162, 132 , 162, 
134 , 162, 137 , 162, 142 , 162, 146 , 162, 148 , 162, 155 , 
162, 160 , 162, 161 , 162, 2 , 163, 3 , 163, 4 , 163, 11 , 163, 
14 , 163, 16 , 163, 20 , 163, 21 , 163, 22 , 163, 25 , 163, 27 
, 163, 33 , 163, 35 , 163, 36 , 163, 42 , 163, 45 , 163, 48 , 
163, 53 , 163, 60 , 163, 61 , 163, 69 , 163, 75 , 163, 77 , 
163, 78 , 163, 83 , 163, 88 , 163, 96 , 163, 97 , 163, 104 , 
163, 109 , 163, 110 , 163, 111 , 163, 121 , 163, 130 , 163, 132 
, 163, 134 , 163, 138 , 163, 147 , 163, 149 , 163, 152 , 163, 
157 , 163, 161 , 163, 162 , 163, 2 , 164, 8 , 164, 9 , 164, 11 
, 164, 13 , 164, 14 , 164, 22 , 164, 28 , 164, 32 , 164, 39 , 
164, 51 , 164, 61 , 164, 68 , 164, 72 , 164, 77 , 164, 79 , 
164, 81 , 164, 87 , 164, 92 , 164, 94 , 164, 104 , 164, 109 , 
164, 117 , 164, 123 , 164, 129 , 164, 130 , 164, 131 , 164, 133 
, 164, 134 , 164, 137 , 164, 141 , 164, 145 , 164, 161 , 164, 3 
, 165, 20 , 165, 21 , 165, 23 , 165, 30 , 165, 34 , 165, 39 , 
165, 55 , 165, 60 , 165, 62 , 165, 63 , 165, 70 , 165, 81 , 
165, 82 , 165, 91 , 165, 94 , 165, 105 , 165, 108 , 165, 122 , 
165, 123 , 165, 124 , 165, 138 , 165, 140 , 165, 146 , 165, 149 
, 165, 150 , 165, 157 , 165, 19 , 166, 22 , 166, 25 , 166, 28 
, 166, 29 , 166, 44 , 166, 48 , 166, 53 , 166, 56 , 166, 62 , 
166, 88 , 166, 98 , 166, 110 , 166, 111 , 166, 118 , 166, 119 , 
166, 123 , 166, 129 , 166, 131 , 166, 137 , 166, 142 , 166, 147 
, 166, 154 , 166, 163 , 166, 164 , 166, 3 , 167, 23 , 167, 26 
, 167, 28 , 167, 33 , 167, 44 , 167, 50 , 167, 63 , 167, 68 , 
167, 74 , 167, 75 , 167, 77 , 167, 93 , 167, 100 , 167, 103 , 
167, 112 , 167, 114 , 167, 121 , 167, 124 , 167, 127 , 167, 129 
, 167, 139 , 167, 141 , 167, 144 , 167, 152 , 167, 164 , 167, 
165 , 167, 1 , 168, 5 , 168, 11 , 168, 12 , 168, 22 , 168, 32 
, 168, 33 , 168, 39 , 168, 44 , 168, 45 , 168, 48 , 168, 49 , 
168, 54 , 168, 60 , 168, 61 , 168, 72 , 168, 75 , 168, 84 , 
168, 89 , 168, 91 , 168, 95 , 168, 104 , 168, 106 , 168, 107 , 
168, 108 , 168, 123 , 168, 126 , 168, 127 , 168, 135 , 168, 143 
, 168, 144 , 168, 146 , 168, 151 , 168, 157 , 168, 3 , 169, 7 
, 169, 10 , 169, 13 , 169, 17 , 169, 21 , 169, 23 , 169, 27 , 
169, 28 , 169, 29 , 169, 31 , 169, 33 , 169, 40 , 169, 47 , 
169, 50 , 169, 52 , 169, 58 , 169, 59 , 169, 64 , 169, 71 , 
169, 84 , 169, 85 , 169, 89 , 169, 93 , 169, 95 , 169, 105 , 
169, 110 , 169, 111 , 169, 113 , 169, 130 , 169, 131 , 169, 144 
, 169, 152 , 169, 153 , 169, 158 , 169, 166 , 169, 1 , 170, 2 
, 170, 4 , 170, 14 , 170, 19 , 170, 23 , 170, 38 , 170, 46 , 
170, 55 , 170, 56 , 170, 60 , 170, 83 , 170, 84 , 170, 91 , 
170, 94 , 170, 101 , 170, 103 , 170, 106 , 170, 110 , 170, 112 
, 170, 115 , 170, 116 , 170, 119 , 170, 123 , 170, 125 , 170, 
131 , 170, 133 , 170, 152 , 170, 160 , 170, 163 , 170, 3 , 171, 
9 , 171, 20 , 171, 21 , 171, 22 , 171, 29 , 171, 34 , 171, 38 
, 171, 49 , 171, 50 , 171, 52 , 171, 53 , 171, 54 , 171, 55 , 
171, 60 , 171, 61 , 171, 63 , 171, 67 , 171, 70 , 171, 79 , 
171, 87 , 171, 89 , 171, 91 , 171, 92 , 171, 94 , 171, 103 , 
171, 106 , 171, 107 , 171, 115 , 171, 120 , 171, 121 , 171, 124 
, 171, 136 , 171, 139 , 171, 149 , 171, 162 , 171, 165 , 171, 
169 , 171, 7 , 172, 9 , 172, 15 , 172, 25 , 172, 30 , 172, 31 
, 172, 33 , 172, 52 , 172, 57 , 172, 62 , 172, 65 , 172, 67 , 
172, 70 , 172, 73 , 172, 81 , 172, 85 , 172, 96 , 172, 98 , 
172, 101 , 172, 103 , 172, 107 , 172, 124 , 172, 133 , 172, 134 
, 172, 138 , 172, 142 , 172, 146 , 172, 147 , 172, 148 , 172, 
149 , 172, 150 , 172, 151 , 172, 155 , 172, 159 , 172, 162 , 
172, 167 , 172, 3 , 173, 16 , 173, 20 , 173, 23 , 173, 28 , 
173, 38 , 173, 42 , 173, 43 , 173, 48 , 173, 60 , 173, 61 , 
173, 67 , 173, 73 , 173, 74 , 173, 75 , 173, 77 , 173, 79 , 
173, 80 , 173, 82 , 173, 86 , 173, 87 , 173, 92 , 173, 96 , 
173, 108 , 173, 112 , 173, 115 , 173, 120 , 173, 126 , 173, 135 
, 173, 136 , 173, 140 , 173, 145 , 173, 149 , 173, 150 , 173, 
160 , 173, 167 , 173, 1 , 174, 4 , 174, 8 , 174, 12 , 174, 19 
, 174, 34 , 174, 36 , 174, 40 , 174, 47 , 174, 48 , 174, 56 , 
174, 57 , 174, 61 , 174, 62 , 174, 69 , 174, 72 , 174, 73 , 
174, 78 , 174, 81 , 174, 85 , 174, 87 , 174, 98 , 174, 109 , 
174, 117 , 174, 119 , 174, 125 , 174, 128 , 174, 142 , 174, 146 
, 174, 149 , 174, 150 , 174, 158 , 174, 162 , 174, 171 , 174, 
173 , 174, 8 , 175, 11 , 175, 13 , 175, 16 , 175, 18 , 175, 23 
, 175, 43 , 175, 46 , 175, 52 , 175, 62 , 175, 67 , 175, 77 , 
175, 79 , 175, 82 , 175, 84 , 175, 93 , 175, 96 , 175, 98 , 
175, 101 , 175, 106 , 175, 108 , 175, 110 , 175, 122 , 175, 127 
, 175, 129 , 175, 132 , 175, 135 , 175, 136 , 175, 139 , 175, 
140 , 175, 141 , 175, 143 , 175, 147 , 175, 148 , 175, 156 , 
175, 3 , 176, 19 , 176, 21 , 176, 22 , 176, 26 , 176, 29 , 176, 
41 , 176, 51 , 176, 54 , 176, 56 , 176, 57 , 176, 59 , 176, 63 
, 176, 65 , 176, 67 , 176, 68 , 176, 74 , 176, 83 , 176, 86 , 
176, 88 , 176, 92 , 176, 95 , 176, 98 , 176, 101 , 176, 104 , 
176, 110 , 176, 112 , 176, 119 , 176, 124 , 176, 127 , 176, 129 
, 176, 130 , 176, 141 , 176, 145 , 176, 152 , 176, 155 , 176, 
158 , 176, 162 , 176, 163 , 176, 164 , 176, 1 , 177, 2 , 177, 8 
, 177, 9 , 177, 19 , 177, 37 , 177, 39 , 177, 40 , 177, 43 , 
177, 44 , 177, 52 , 177, 60 , 177, 61 , 177, 73 , 177, 77 , 
177, 80 , 177, 91 , 177, 92 , 177, 97 , 177, 103 , 177, 114 , 
177, 117 , 177, 123 , 177, 126 , 177, 129 , 177, 130 , 177, 137 
, 177, 144 , 177, 148 , 177, 149 , 177, 150 , 177, 152 , 177, 
159 , 177, 163 , 177, 164 , 177, 166 , 177, 174 , 177, 3 , 178, 
13 , 178, 23 , 178, 26 , 178, 35 , 178, 48 , 178, 51 , 178, 52 
, 178, 53 , 178, 55 , 178, 56 , 178, 63 , 178, 74 , 178, 76 , 
178, 81 , 178, 85 , 178, 87 , 178, 91 , 178, 99 , 178, 108 , 
178, 120 , 178, 125 , 178, 136 , 178, 138 , 178, 142 , 178, 144 
, 178, 145 , 178, 147 , 178, 148 , 178, 158 , 178, 165 , 178, 
10 , 179, 11 , 179, 12 , 179, 26 , 179, 27 , 179, 38 , 179, 44 
, 179, 50 , 179, 56 , 179, 76 , 179, 81 , 179, 106 , 179, 120 
, 179, 124 , 179, 126 , 179, 131 , 179, 136 , 179, 143 , 179, 
148 , 179, 154 , 179, 159 , 179, 162 , 179, 172 , 179, 175 , 
179, 176 , 179, 8 , 180, 14 , 180, 29 , 180, 30 , 180, 32 , 
180, 41 , 180, 49 , 180, 52 , 180, 77 , 180, 79 , 180, 86 , 
180, 91 , 180, 94 , 180, 100 , 180, 101 , 180, 102 , 180, 104 , 
180, 111 , 180, 118 , 180, 119 , 180, 128 , 180, 130 , 180, 141 
, 180, 143 , 180, 146 , 180, 150 , 180, 157 , 180, 162 , 180, 
171 , 180, 173 , 180, 176 , 180, 5 , 181, 10 , 181, 11 , 181, 
12 , 181, 13 , 181, 15 , 181, 19 , 181, 23 , 181, 25 , 181, 27 
, 181, 32 , 181, 34 , 181, 36 , 181, 39 , 181, 51 , 181, 54 , 
181, 56 , 181, 59 , 181, 62 , 181, 63 , 181, 78 , 181, 91 , 
181, 92 , 181, 93 , 181, 99 , 181, 102 , 181, 103 , 181, 105 , 
181, 109 , 181, 114 , 181, 132 , 181, 145 , 181, 153 , 181, 159 
, 181, 164 , 181, 168 , 181, 171 , 181, 175 , 181, 176 , 181, 1 
, 182, 5 , 182, 11 , 182, 20 , 182, 21 , 182, 22 , 182, 25 , 
182, 27 , 182, 28 , 182, 31 , 182, 58 , 182, 65 , 182, 71 , 
182, 75 , 182, 76 , 182, 80 , 182, 81 , 182, 118 , 182, 124 , 
182, 131 , 182, 132 , 182, 147 , 182, 151 , 182, 157 , 182, 164 
, 182, 165 , 182, 169 , 182, 173 , 182, 179 , 182, 180 , 182, 1 
, 183, 5 , 183, 7 , 183, 13 , 183, 25 , 183, 26 , 183, 27 , 
183, 32 , 183, 38 , 183, 48 , 183, 63 , 183, 64 , 183, 71 , 
183, 75 , 183, 82 , 183, 90 , 183, 99 , 183, 100 , 183, 101 , 
183, 123 , 183, 124 , 183, 131 , 183, 138 , 183, 143 , 183, 156 
, 183, 158 , 183, 160 , 183, 169 , 183, 170 , 183, 173 , 183, 
175 , 183, 6 , 184, 8 , 184, 9 , 184, 11 , 184, 13 , 184, 16 , 
184, 17 , 184, 25 , 184, 27 , 184, 29 , 184, 36 , 184, 45 , 
184, 47 , 184, 50 , 184, 59 , 184, 61 , 184, 63 , 184, 67 , 
184, 70 , 184, 75 , 184, 78 , 184, 81 , 184, 85 , 184, 90 , 
184, 94 , 184, 95 , 184, 96 , 184, 98 , 184, 101 , 184, 104 , 
184, 110 , 184, 111 , 184, 113 , 184, 116 , 184, 119 , 184, 122 
, 184, 124 , 184, 127 , 184, 130 , 184, 132 , 184, 137 , 184, 
139 , 184, 140 , 184, 158 , 184, 164 , 184, 166 , 184, 169 , 
184, 177 , 184, 178 , 184, 181 , 184, 183 , 184, 8 , 185, 10 , 
185, 13 , 185, 17 , 185, 22 , 185, 37 , 185, 39 , 185, 43 , 
185, 44 , 185, 49 , 185, 50 , 185, 54 , 185, 66 , 185, 74 , 
185, 75 , 185, 83 , 185, 89 , 185, 91 , 185, 93 , 185, 94 , 
185, 100 , 185, 107 , 185, 108 , 185, 110 , 185, 132 , 185, 134 
, 185, 140 , 185, 169 , 185, 171 , 185, 173 , 185, 174 , 185, 
184 , 185, 1 , 186, 10 , 186, 22 , 186, 23 , 186, 32 , 186, 34 
, 186, 37 , 186, 46 , 186, 63 , 186, 67 , 186, 80 , 186, 82 , 
186, 84 , 186, 88 , 186, 98 , 186, 100 , 186, 107 , 186, 109 , 
186, 110 , 186, 117 , 186, 119 , 186, 123 , 186, 124 , 186, 125 
, 186, 128 , 186, 129 , 186, 138 , 186, 141 , 186, 151 , 186, 
152 , 186, 161 , 186, 166 , 186, 167 , 186, 168 , 186, 172 , 
186, 174 , 186, 176 , 186, 1 , 187, 3 , 187, 10 , 187, 17 , 
187, 22 , 187, 23 , 187, 31 , 187, 40 , 187, 41 , 187, 47 , 
187, 64 , 187, 65 , 187, 69 , 187, 76 , 187, 79 , 187, 99 , 
187, 101 , 187, 114 , 187, 126 , 187, 127 , 187, 129 , 187, 133 
, 187, 135 , 187, 138 , 187, 146 , 187, 153 , 187, 163 , 187, 
165 , 187, 166 , 187, 175 , 187, 177 , 187, 179 , 187, 180 , 
187, 1 , 188, 14 , 188, 28 , 188, 34 , 188, 35 , 188, 37 , 188, 
38 , 188, 42 , 188, 45 , 188, 47 , 188, 49 , 188, 67 , 188, 71 
, 188, 82 , 188, 91 , 188, 98 , 188, 100 , 188, 103 , 188, 114 
, 188, 122 , 188, 126 , 188, 128 , 188, 133 , 188, 135 , 188, 
140 , 188, 141 , 188, 145 , 188, 151 , 188, 153 , 188, 157 , 
188, 161 , 188, 174 , 188, 180 , 188, 182 , 188, 1 , 189, 2 , 
189, 4 , 189, 6 , 189, 11 , 189, 31 , 189, 33 , 189, 36 , 189, 
41 , 189, 43 , 189, 46 , 189, 47 , 189, 50 , 189, 58 , 189, 59 
, 189, 68 , 189, 70 , 189, 74 , 189, 76 , 189, 77 , 189, 79 , 
189, 80 , 189, 81 , 189, 82 , 189, 87 , 189, 94 , 189, 97 , 
189, 101 , 189, 110 , 189, 114 , 189, 116 , 189, 123 , 189, 127 
, 189, 131 , 189, 133 , 189, 136 , 189, 138 , 189, 143 , 189, 
148 , 189, 155 , 189, 157 , 189, 166 , 189, 168 , 189, 182 , 
189, 183 , 189, 185 , 189, 188 , 189, 4 , 190, 10 , 190, 11 , 
190, 25 , 190, 26 , 190, 28 , 190, 30 , 190, 37 , 190, 40 , 
190, 54 , 190, 56 , 190, 57 , 190, 60 , 190, 61 , 190, 81 , 
190, 88 , 190, 90 , 190, 93 , 190, 94 , 190, 98 , 190, 108 , 
190, 113 , 190, 119 , 190, 134 , 190, 138 , 190, 148 , 190, 149 
, 190, 158 , 190, 166 , 190, 170 , 190, 171 , 190, 175 , 190, 
176 , 190, 185 , 190, 186 , 190, 7 , 191, 9 , 191, 17 , 191, 18 
, 191, 19 , 191, 20 , 191, 22 , 191, 28 , 191, 40 , 191, 43 , 
191, 45 , 191, 78 , 191, 86 , 191, 89 , 191, 105 , 191, 114 , 
191, 124 , 191, 125 , 191, 126 , 191, 132 , 191, 137 , 191, 146 
, 191, 148 , 191, 151 , 191, 152 , 191, 153 , 191, 154 , 191, 
155 , 191, 160 , 191, 165 , 191, 168 , 191, 177 , 191, 182 , 
191, 186 , 191, 187 , 191, 4 , 192, 5 , 192, 6 , 192, 9 , 192, 
11 , 192, 12 , 192, 18 , 192, 20 , 192, 23 , 192, 33 , 192, 36 
, 192, 46 , 192, 51 , 192, 53 , 192, 54 , 192, 56 , 192, 59 , 
192, 66 , 192, 67 , 192, 68 , 192, 73 , 192, 76 , 192, 79 , 
192, 86 , 192, 87 , 192, 92 , 192, 95 , 192, 101 , 192, 110 , 
192, 120 , 192, 126 , 192, 129 , 192, 130 , 192, 132 , 192, 134 
, 192, 138 , 192, 140 , 192, 141 , 192, 150 , 192, 152 , 192, 
154 , 192, 166 , 192, 185 , 192, 191 , 192, 4 , 193, 7 , 193, 
12 , 193, 13 , 193, 14 , 193, 20 , 193, 28 , 193, 32 , 193, 33 
, 193, 38 , 193, 49 , 193, 51 , 193, 52 , 193, 60 , 193, 61 , 
193, 62 , 193, 68 , 193, 78 , 193, 83 , 193, 86 , 193, 87 , 
193, 88 , 193, 91 , 193, 93 , 193, 96 , 193, 97 , 193, 108 , 
193, 115 , 193, 119 , 193, 123 , 193, 133 , 193, 140 , 193, 141 
, 193, 144 , 193, 149 , 193, 159 , 193, 160 , 193, 162 , 193, 
169 , 193, 179 , 193, 186 , 193, 10 , 194, 12 , 194, 15 , 194, 
18 , 194, 22 , 194, 33 , 194, 38 , 194, 40 , 194, 41 , 194, 46 
, 194, 48 , 194, 51 , 194, 53 , 194, 54 , 194, 55 , 194, 57 , 
194, 61 , 194, 78 , 194, 80 , 194, 82 , 194, 83 , 194, 88 , 
194, 89 , 194, 90 , 194, 92 , 194, 95 , 194, 105 , 194, 108 , 
194, 109 , 194, 114 , 194, 115 , 194, 120 , 194, 125 , 194, 131 
, 194, 132 , 194, 133 , 194, 135 , 194, 137 , 194, 139 , 194, 
153 , 194, 169 , 194, 175 , 194, 179 , 194, 180 , 194, 181 , 
194, 183 , 194, 186 , 194, 189 , 194, 191 , 194, 192 , 194, 3 , 
195, 4 , 195, 5 , 195, 7 , 195, 9 , 195, 29 , 195, 40 , 195, 47 
, 195, 51 , 195, 57 , 195, 59 , 195, 67 , 195, 77 , 195, 80 , 
195, 87 , 195, 95 , 195, 96 , 195, 102 , 195, 108 , 195, 111 , 
195, 115 , 195, 124 , 195, 135 , 195, 148 , 195, 164 , 195, 170 
, 195, 177 , 195, 189 , 195, 190 , 195, 191 , 195, 192 , 195, 1 
, 196, 2 , 196, 6 , 196, 10 , 196, 13 , 196, 15 , 196, 31 , 
196, 35 , 196, 37 , 196, 38 , 196, 41 , 196, 42 , 196, 45 , 
196, 46 , 196, 49 , 196, 50 , 196, 57 , 196, 59 , 196, 77 , 
196, 80 , 196, 85 , 196, 90 , 196, 95 , 196, 100 , 196, 111 , 
196, 112 , 196, 115 , 196, 121 , 196, 127 , 196, 132 , 196, 134 
, 196, 148 , 196, 151 , 196, 156 , 196, 158 , 196, 159 , 196, 
161 , 196, 171 , 196, 176 , 196, 180 , 196, 182 , 196, 186 , 
196, 188 , 196, 3 , 197, 6 , 197, 10 , 197, 12 , 197, 19 , 197, 
26 , 197, 37 , 197, 40 , 197, 46 , 197, 52 , 197, 56 , 197, 61 
, 197, 63 , 197, 64 , 197, 67 , 197, 77 , 197, 85 , 197, 87 , 
197, 88 , 197, 91 , 197, 92 , 197, 95 , 197, 96 , 197, 97 , 
197, 100 , 197, 105 , 197, 107 , 197, 112 , 197, 116 , 197, 117 
, 197, 122 , 197, 132 , 197, 140 , 197, 144 , 197, 150 , 197, 
155 , 197, 160 , 197, 162 , 197, 164 , 197, 165 , 197, 166 , 
197, 168 , 197, 180 , 197, 181 , 197, 182 , 197, 184 , 197, 185 
, 197, 189 , 197, 9 , 198, 12 , 198, 18 , 198, 20 , 198, 23 , 
198, 31 , 198, 33 , 198, 45 , 198, 48 , 198, 54 , 198, 55 , 
198, 57 , 198, 69 , 198, 71 , 198, 76 , 198, 79 , 198, 85 , 
198, 89 , 198, 93 , 198, 94 , 198, 99 , 198, 100 , 198, 107 , 
198, 108 , 198, 111 , 198, 120 , 198, 126 , 198, 128 , 198, 129 
, 198, 133 , 198, 135 , 198, 137 , 198, 138 , 198, 150 , 198, 
152 , 198, 162 , 198, 163 , 198, 165 , 198, 177 , 198, 185 , 
198, 189 , 198, 191 , 198, 197 , 198, 3 , 199, 6 , 199, 15 , 
199, 16 , 199, 23 , 199, 27 , 199, 35 , 199, 38 , 199, 40 , 
199, 41 , 199, 45 , 199, 47 , 199, 48 , 199, 58 , 199, 59 , 
199, 62 , 199, 64 , 199, 71 , 199, 74 , 199, 79 , 199, 84 , 
199, 86 , 199, 88 , 199, 92 , 199, 96 , 199, 101 , 199, 102 , 
199, 109 , 199, 120 , 199, 122 , 199, 129 , 199, 131 , 199, 138 
, 199, 150 , 199, 152 , 199, 153 , 199, 165 , 199, 178 , 199, 
183 , 199, 185 , 199, 187 , 199, 5 , 200, 9 , 200, 18 , 200, 19 
, 200, 39 , 200, 42 , 200, 43 , 200, 48 , 200, 49 , 200, 51 , 
200, 58 , 200, 67 , 200, 70 , 200, 79 , 200, 80 , 200, 81 , 
200, 88 , 200, 90 , 200, 98 , 200, 103 , 200, 108 , 200, 119 , 
200, 121 , 200, 123 , 200, 125 , 200, 135 , 200, 142 , 200, 143 
, 200, 148 , 200, 149 , 200, 155 , 200, 156 , 200, 157 , 200, 
161 , 200, 166 , 200, 171 , 200, 173 , 200, 177 , 200, 181 , 
200, 192 , 200, 197 , 200, 198 , 200