1 , 2, 2 , 3, 1 , 3, 1 , 4, 2 , 4, 3 , 4, 4 , 5, 2 , 5, 5 , 
6, 3 , 6, 2 , 7, 6 , 7, 1 , 7, 5 , 8, 2 , 8, 1 , 8, 2 , 9, 6 
, 9, 3 , 9, 2 , 10, 1 , 10, 5 , 11, 8 , 11, 2 , 12, 4 , 13, 
12 , 13, 9 , 14, 10 , 14, 10 , 15, 2 , 15, 3 , 15, 1 , 15, 4 
, 16, 3 , 16, 2 , 16, 15 , 16, 6 , 16, 9 , 16, 5 , 16, 16 , 
17, 15 , 17, 11 , 18, 13 , 18, 6 , 19, 2 , 19, 12 , 20, 9 , 
20, 13 , 20, 7 , 21, 9 , 21, 20 , 22, 9 , 22, 12 , 22, 2 , 22, 
8 , 22, 4 , 22, 19 , 22, 15 , 23, 16 , 23, 17 , 23, 2 , 24, 3 
, 24, 1 , 24, 9 , 24, 4 , 24, 8 , 24, 14 , 24, 5 , 24, 12 , 
25, 18 , 26, 11 , 26, 19 , 27, 18 , 27, 26 , 27, 22 , 28, 3 , 
28, 8 , 29, 16 , 29, 1 , 29, 11 , 29, 16 , 30, 24 , 30, 3 , 
30, 15 , 30, 6 , 30, 17 , 30, 5 , 30, 1 , 30, 2 , 30, 10 , 30, 
23 , 30, 5 , 31, 2 , 31, 11 , 31, 16 , 31, 22 , 32, 4 , 32, 5 
, 32, 16 , 32, 5 , 33, 8 , 33, 2 , 33, 1 , 33, 15 , 33, 3 , 
33, 25 , 34, 16 , 34, 28 , 35, 26 , 35, 30 , 36, 3 , 36, 10 , 
37, 20 , 37, 22 , 37, 8 , 37, 4 , 37, 21 , 38, 36 , 38, 11 , 
39, 1 , 39, 24 , 40, 25 , 40, 35 , 41, 37 , 41, 37 , 42, 15 , 
43, 42 , 43, 16 , 43, 23 , 43, 29 , 43, 9 , 44, 31 , 44, 29 , 
45, 38 , 45, 44 , 46, 5 , 46, 11 , 47, 23 , 47, 40 , 48, 42 , 
48, 24 , 48, 43 , 48, 2 , 49, 40 , 49, 48 , 49, 42 , 49, 35 , 
50, 41 , 50, 37 , 50, 22 , 50