1 , 2, 1 , 3, 2 , 4, 1 , 4, 2 , 5, 4 , 5, 5 , 6, 3 , 6, 4 , 
7, 5 , 7, 1 , 8, 7 , 8, 5 , 9, 2 , 10, 7 , 10, 8 , 10, 6 , 
11, 7 , 11, 9 , 12, 10 , 12, 5 , 12, 4 , 12, 10 , 13, 5 , 13, 
1 , 14, 9 , 14, 3 , 15, 12 , 15, 1 , 15, 11 , 16, 3 , 16, 6 , 
16, 5 , 17, 14 , 17, 5 , 18, 11 , 18, 8 , 19, 1 , 19, 9 , 20, 
5 , 20, 20 , 21, 1 , 21, 4 , 22, 18 , 22, 2 , 22, 15 , 23, 5 
, 23, 21 , 24, 22 , 24, 1 , 25, 17 , 25, 20 , 26, 12 , 26, 24 
, 27, 10 , 27, 22 , 27, 22 , 28, 10 , 28, 8 , 28, 15 , 29, 4 
, 29, 7 , 30, 2 , 30, 22 , 31, 18 , 31, 2 , 31, 14 , 32, 31 , 
32, 11 , 33, 8 , 33, 10 , 34, 18 , 34, 27 , 35, 7 , 35, 4 , 
35, 5 , 35, 20 , 36, 21 , 36, 21 , 37, 19 , 37, 20 , 38, 37 , 
38, 1 , 39, 17 , 39, 36 , 40, 29 , 40, 20 , 40, 14 , 41, 22 , 
41, 3 , 42, 8 , 42, 32 , 43, 35 , 43, 26 , 44, 27 , 44, 35 , 
44, 6 , 45, 10 , 45, 10 , 46, 17 , 46, 3 , 47, 37 , 47, 25 , 
48, 8 , 48, 11 , 49, 9 , 49, 28 , 50, 15 , 50, 22 , 50, 29 , 
50, 37 , 51, 20 , 51, 14 , 52, 20 , 52, 21 , 52, 15 , 53, 28 , 
53, 14 , 54, 47 , 54, 22 , 55, 28 , 55, 50 , 55, 27 , 55, 22 , 
56, 23 , 56, 2 , 56, 29 , 57, 4 , 57, 21 , 58, 49 , 58, 46 , 
59, 43 , 59, 57 , 60, 48 , 60, 25 , 60, 6 , 61, 60 , 61, 21 , 
62, 25 , 62, 46 , 63, 22 , 63, 49 , 64, 41 , 64, 20 , 65, 37 , 
65, 21 , 65, 30 , 66, 56 , 66, 15 , 67, 37 , 67, 16 , 68, 33 , 
68, 22 , 69, 24 , 69, 1 , 70, 64 , 70, 59 , 71, 46 , 71, 20 , 
72, 44 , 72, 48 , 73, 20 , 73, 57 , 74, 25 , 74, 68 , 75, 38 , 
75, 45 , 76, 22 , 76, 70 , 77, 72 , 77, 69 , 78, 17 , 78, 28 , 
79, 78 , 79, 69 , 80, 28 , 80, 22 , 80, 46 , 81, 66 , 81, 63 , 
81, 56 , 81, 30 , 82, 28 , 82, 79 , 83, 81 , 83, 59 , 84, 26 , 
84, 44 , 84, 27 , 84, 80 , 85, 38 , 85, 61 , 86, 48 , 86, 51 , 
87, 40 , 87, 68 , 88, 33 , 88, 5 , 89, 20 , 89, 3 , 90, 63 , 
90, 88 , 91, 37 , 91, 51 , 92, 72 , 92, 20 , 92, 52 , 92, 7 , 
93, 79 , 93, 26 , 94, 80 , 94, 76 , 95, 68 , 95, 58 , 96, 38 , 
96, 49 , 96, 43 , 97, 35 , 97, 44 , 97, 15 , 98, 59 , 98, 87 , 
99, 21 , 99, 74 , 100, 37 , 100, 32 , 101, 10 , 101, 39 , 102, 
55 , 102, 62 , 103, 20 , 103, 83 , 104, 94 , 104, 29 , 105, 20 
, 105, 64 , 106, 49 , 106, 100 , 107, 50 , 107, 55 , 107, 3 , 
108, 59 , 108, 1 , 108, 4 , 108, 41 , 109, 11 , 109, 22 , 110, 
49 , 110, 9 , 110, 63 , 111, 44 , 111, 35 , 111, 5 , 111, 9 , 
111, 101 , 112, 11 , 112, 1 , 113, 20 , 113, 52 , 113, 14 , 
113, 75 , 114, 58 , 114, 24 , 115, 13 , 115, 65 , 116, 15 , 
116, 22 , 117, 88 , 117, 91 , 117, 13 , 118, 112 , 118, 1 , 
119, 61 , 119, 25 , 120, 85 , 120, 81 , 121, 47 , 121, 105 , 
122, 103 , 122, 28 , 123, 23 , 123, 22 , 123, 80 , 123, 110 , 
123, 91 , 124, 109 , 124, 37 , 124, 29 , 125, 32 , 125, 27 , 
126, 17 , 126, 67 , 127, 54 , 127, 13 , 128, 45 , 129, 72 , 
129, 33 , 130, 61 , 130, 6 , 130, 33 , 131, 103 , 131, 62 , 
131, 97 , 132, 49 , 132, 9 , 132, 109 , 133, 58 , 133, 6 , 134, 
66 , 134, 81 , 134, 46 , 135, 134 , 135, 43 , 136, 15 , 136, 97 
, 136, 127 , 137, 54 , 137, 91 , 138, 100 , 138, 34 , 139, 125 
, 139, 10 , 139, 29 , 139, 137 , 140, 72 , 140, 100 , 141, 96 
, 141, 69 , 142, 1 , 142, 52 , 143, 129 , 143, 32 , 144, 72 , 
144, 67 , 145, 20 , 145, 21 , 145, 15 , 146, 133 , 146, 48 , 
147, 7 , 147, 90 , 148, 141 , 148, 100 , 148, 96 , 148, 62 , 
149, 138 , 149, 69 , 150, 24 , 150