1 , 2, 2 , 3, 1 , 3, 3 , 4, 2 , 4, 4 , 5, 1 , 5, 5 , 6, 3 , 
6, 6 , 7, 2 , 7, 1 , 8, 5 , 8, 6 , 8, 8 , 9, 6 , 9, 6 , 10, 9 
, 10, 4 , 11, 2 , 11, 11 , 12, 6 , 12, 5 , 13, 1 , 13, 4 , 
13, 8 , 13, 10 , 14, 3 , 15, 2 , 15, 1 , 15, 11 , 16, 9 , 16, 
14 , 17, 9 , 17, 12 , 18, 2 , 18, 3 , 19, 9 , 19, 13 , 20, 1 
, 20, 19 , 21, 18 , 21, 17 , 22, 13 , 22, 12 , 23, 18 , 23, 17 
, 24, 2 , 24, 11 , 24, 16 , 25, 21 , 25, 19 , 25, 22 , 26, 25 
, 26, 10 , 27, 2 , 27, 12 , 28, 20 , 28, 6 , 28, 18 , 28, 7 , 
29, 23 , 29, 9 , 30, 24 , 30, 11 , 30, 2 , 30, 9 , 31, 16 , 
31, 19 , 31, 9 , 32, 10 , 32, 9 , 33, 22 , 33, 22 , 34, 12 , 
34, 28 , 34, 6 , 34, 18 , 34, 3 , 35, 12 , 35, 6 , 35, 5 , 35, 
21 , 36, 1 , 36, 30 , 37, 29 , 37, 8 , 38, 27 , 38, 8 , 39, 22 
, 39, 9 , 39, 13 , 40, 16 , 40, 24 , 41, 22 , 41, 17 , 41, 15 
, 42, 17 , 42, 22 , 42, 41 , 43, 37 , 43, 9 , 44, 33 , 44, 12 
, 45, 35 , 45, 11 , 46, 12 , 46, 28 , 46, 45 , 47, 9 , 47, 34 
, 48, 22 , 48, 27 , 49, 12 , 49, 2 , 50, 46 , 50, 17 , 51, 47 
, 51, 13 , 52, 1 , 52, 8 , 52, 2 , 53, 7 , 53, 7 , 54, 53 , 
54, 35 , 55, 45 , 55, 25 , 56, 29 , 56, 36 , 57, 22 , 57, 54 , 
58, 51 , 58, 57 , 59, 2 , 59, 1 , 59, 29 , 60, 55 , 60, 37 , 
60, 15 , 61, 9 , 61, 11 , 62, 19 , 62, 2 , 62, 56 , 63, 23 , 
63, 57 , 64, 1 , 64, 20 , 65, 29 , 65, 60 , 65, 50 , 66, 36 , 
66, 10 , 67, 51 , 67, 37 , 68, 53 , 68, 13 , 69, 48 , 69, 55 , 
70, 26 , 70, 21 , 71, 19 , 71, 13 , 72, 21 , 72, 36 , 73, 7 , 
73, 21 , 73, 19 , 74, 26 , 74, 3 , 75, 5 , 75, 51 , 76, 23 , 
76, 58 , 76, 38 , 77, 41 , 77, 8 , 77, 62 , 78, 11 , 78, 24 , 
78, 68 , 79, 67 , 79, 70 , 80, 40 , 80, 26 , 80, 74 , 80, 64 , 
81, 45 , 81, 69 , 82, 57 , 82, 13 , 82, 36 , 82, 1 , 82, 5 , 
82, 4 , 82, 21 , 82, 18 , 83, 33 , 83, 81 , 84, 19 , 84, 64 , 
85, 14 , 85, 52 , 86, 67 , 86, 56 , 87, 63 , 87, 58 , 88, 41 , 
88, 47 , 89, 35 , 89, 63 , 90, 56 , 90, 87 , 90, 25 , 90, 71 , 
91, 54 , 91, 91 , 92, 47 , 92, 47 , 93, 27 , 93, 9 , 94, 85 , 
94, 77 , 95, 72 , 95, 38 , 96, 6 , 96, 12 , 96, 92 , 97, 66 , 
97, 73 , 98, 90 , 98, 87 , 98, 49 , 99, 84 , 99, 3 , 100, 69 , 
100, 82 , 100, 14 , 101, 73 , 101, 17 , 101, 77 , 102, 87 , 
102, 63 , 103, 14 , 103, 33 , 104, 79 , 105, 21 , 105, 72 , 
106, 98 , 106, 92 , 107, 41 , 107, 22 , 107, 82 , 108, 74 , 
108, 104 , 109, 16 , 109, 78 , 110, 75 , 110, 17 , 111, 43 , 
111, 41 , 111, 13 , 112, 63 , 112, 82 , 112, 84 , 113, 109 , 
113, 72 , 114, 85 , 114, 51 , 115, 94 , 115, 23 , 116, 10 , 
116, 94 , 117, 108 , 117, 46 , 118, 23 , 118, 11 , 118, 92 , 
119, 5 , 119, 97 , 119, 107 , 119, 66 , 119, 63 , 120, 83 , 
120, 48 , 121, 77 , 121, 58 , 122, 101 , 122, 31 , 123, 56 , 
123, 121 , 124, 117 , 124, 77 , 124, 61 , 125, 65 , 125, 18 , 
126, 59 , 126, 1 , 126, 76 , 127, 22 , 127, 87 , 128, 9 , 128, 
56 , 129, 67 , 129, 23 , 130, 29 , 130, 7 , 130, 53 , 130, 38 
, 131, 52 , 131, 81 , 132, 129 , 132, 125 , 133, 13 , 133, 1 , 
133, 55 , 134, 93 , 134, 70 , 134, 123 , 135, 21 , 135, 31 , 
135, 90 , 136, 71 , 136, 1 , 137, 46 , 137, 75 , 138, 64 , 138, 
130 , 139, 60 , 139, 7 , 139, 99 , 140, 125 , 140, 49 , 140, 65 
, 140, 20 , 140, 19 , 141, 31 , 141, 139 , 142, 17 , 142, 41 , 
142, 25 , 143, 88 , 143, 4 , 144, 79 , 144, 95 , 145, 120 , 
145, 3 , 146, 90 , 146, 110 , 147, 56 , 147, 78 , 147, 75 , 
147, 3 , 147, 5 , 147, 35 , 147, 6 , 147, 20 , 148, 59 , 148, 
12 , 149, 54 , 149, 138 , 150, 21 , 150, 23 , 151, 109 , 151, 
95 , 152, 79 , 152, 145 , 152, 147 , 153, 29 , 153, 9 , 154, 86 
, 154, 125 , 155, 69 , 155, 17 , 156, 3 , 156, 2 , 156, 100 , 
156, 75 , 156, 21 , 157, 135 , 157, 157 , 158, 110 , 158, 12 , 
159, 87 , 159, 6 , 159, 56 , 159, 3 , 159, 19 , 160, 10 , 160, 
77 , 161, 15 , 161, 71 , 162, 41 , 162, 125 , 163, 64 , 163, 17 
, 164, 25 , 164, 43 , 165, 56 , 165, 23 , 166, 160 , 166, 90 , 
167, 92 , 167, 97 , 167, 39 , 168, 160 , 168, 161 , 169, 39 , 
169, 169 , 170, 17 , 170, 9 , 170, 61 , 171, 86 , 171, 109 , 
172, 167 , 172, 104 , 172, 34 , 173, 74 , 173, 82 , 174, 168 , 
174, 62 , 175, 103 , 175, 2 , 175, 51 , 176, 105 , 176, 69 , 
177, 155 , 177, 48 , 177, 82 , 177, 125 , 177, 170 , 178, 44 , 
178, 118 , 179, 9 , 179, 60 , 180, 144 , 180, 157 , 181, 93 , 
181, 65 , 182, 94 , 182, 115 , 183, 66 , 183, 175 , 184, 22 , 
184, 13 , 184, 63 , 185, 74 , 185, 173 , 186, 161 , 186, 29 , 
187, 74 , 187, 26 , 187, 143 , 188, 180 , 188, 12 , 189, 92 , 
189, 93 , 190, 166 , 190, 181 , 190, 28 , 191, 175 , 191, 9 , 
192, 22 , 192, 147 , 193, 72 , 193, 162 , 194, 189 , 194, 112 , 
195, 140 , 195, 63 , 195, 125 , 195, 61 , 195, 185 , 196, 11 , 
196, 162 , 197, 54 , 197, 66 , 198, 129 , 198, 129 , 199, 188 , 
199, 32 , 200, 14 , 200