1 , 2, 1 , 3, 2 , 3, 3 , 4, 1 , 4, 2 , 4, 1 , 5, 2 , 5, 5 , 
6, 3 , 6, 1 , 7, 2 , 7, 4 , 7, 6 , 8, 1 , 8, 7 , 8, 2 , 9, 4 
, 10, 9 , 10, 4 , 11, 1 , 11, 3 , 11, 7 , 12, 4 , 12, 7 , 13, 
10 , 13, 4 , 13, 1 , 13, 4 , 14, 9 , 14, 10 , 14, 1 , 15, 10 
, 15, 15 , 16, 10 , 16, 13 , 17, 8 , 17, 7 , 18, 11 , 18, 2 , 
19, 12 , 19, 19 , 20, 17 , 20, 1 , 21, 20 , 21, 19 , 21, 4 , 
22, 1 , 22, 14 , 23, 12 , 23, 6 , 24, 10 , 24, 15 , 24, 1 , 
24, 16 , 24, 20 , 25, 22 , 25, 7 , 26, 9 , 27, 7 , 27, 20 , 
28, 15 , 28, 23 , 29, 8 , 29, 12 , 29, 24 , 30, 15 , 30, 12 , 
31, 22 , 31, 21 , 32, 6 , 32, 15 , 33, 29 , 33, 24 , 33, 30 , 
33, 7 , 34, 16 , 35, 19 , 35, 2 , 35, 12 , 35, 21 , 35, 1 , 
35, 19 , 36, 24 , 36, 12 , 36, 1 , 36, 16 , 36, 33 , 36, 5 , 
37, 11 , 37, 32 , 38, 12 , 38, 21 , 38, 1 , 38, 17 , 39, 15 , 
39, 37 , 40, 17 , 40, 5 , 40, 11 , 40, 1 , 40, 28 , 41, 27 , 
41, 20 , 41, 15 , 41, 9 , 42, 19 , 42, 2 , 42, 1 , 42, 29 , 
43, 15 , 43, 25 , 44, 33 , 44, 22 , 45, 10 , 45, 31 , 45, 6 , 
46, 41 , 46, 10 , 47, 30 , 47, 45 , 47, 33 , 48, 7 , 48, 47 , 
49, 15 , 49, 43 , 49, 34 , 50, 38 , 50, 7 , 50, 25 , 51, 44 , 
51, 15 , 52, 13 , 52, 15 , 53, 21 , 53, 24 , 53, 40 , 54, 39 , 
54, 37 , 54, 5 , 54, 2 , 54, 1 , 54, 6 , 54, 35 , 54, 16 , 54, 
42 , 55, 22 , 55, 4 , 55, 1 , 55, 17 , 56, 55 , 56, 1 , 56, 16 
, 57, 5 , 57, 54 , 57, 1 , 57, 2 , 57, 51 , 58, 28 , 58, 44 , 
59, 4 , 59, 34 , 60, 2 , 60, 7 , 60, 14 , 61, 42 , 61, 3 , 62, 
41 , 62, 49 , 63, 30 , 63, 15 , 63, 16 , 64, 13 , 64, 15 , 64, 
12 , 65, 15 , 65, 63 , 66, 9 , 66, 6 , 67, 39 , 67, 61 , 68, 
66 , 68, 49 , 69, 19 , 69, 15 , 69, 43 , 69, 12 , 69, 37 , 70, 
2 , 70, 40 , 70, 63 , 71, 13 , 71, 66 , 71, 66 , 72, 44 , 72, 
6 , 73, 47 , 73, 56 , 74, 59 , 74, 39 , 75, 7 , 75, 17 , 75, 
15 , 75, 64 , 75, 54 , 76, 22 , 76, 1 , 76, 54 , 77, 42 , 77, 
61 , 77, 69 , 78, 76 , 78, 44 , 79, 56 , 79, 25 , 79, 74 , 79, 
22 , 79, 51 , 79, 4 , 79, 1 , 79, 76 , 79, 22 , 80, 53 , 80, 
79 , 80, 63 , 81, 65 , 81, 66 , 81, 9 , 81, 2 , 81, 49 , 82, 
34 , 82, 24 , 83, 6 , 83, 5 , 83, 2 , 83, 1 , 83, 15 , 83, 8 
, 83, 63 , 83, 30 , 83, 49 , 83, 70 , 84, 44 , 84, 40 , 84, 76 
, 85, 54 , 85, 22 , 85, 1 , 85, 7 , 85, 24 , 85, 21 , 86, 28 
, 86, 2 , 87, 36 , 87, 56 , 88, 66 , 88, 63 , 88, 15 , 89, 65 
, 89, 53 , 90, 62 , 90, 75 , 91, 56 , 91, 39 , 91, 79 , 91, 71 
, 92, 28 , 92, 20 , 92, 86 , 92, 84 , 93, 63 , 93, 25 , 94, 70 
, 94, 20 , 94, 2 , 94, 17 , 94, 75 , 95, 53 , 95, 62 , 96, 78 
, 96, 3 , 96, 11 , 97, 50 , 97, 90 , 98, 35 , 98, 53 , 98, 21 
, 98, 69 , 99, 77 , 99, 43 , 99, 19 , 99, 78 , 99, 96 , 99, 99 
, 100, 48 , 100