1 , 2, 1 , 3, 2 , 3, 3 , 4, 2 , 4, 1 , 4, 3 , 5, 3 , 6, 4 , 
6, 5 , 7, 6 , 7, 3 , 7, 5 , 8, 1 , 8, 3 , 8, 2 , 8, 5 , 9, 1 
, 9, 2 , 9, 4 , 9, 3 , 9, 6 , 10, 7 , 10, 3 , 11, 8 , 11, 5 
, 11, 6 , 12, 7 , 12, 3 , 12, 4 , 12, 10 , 12, 1 , 12, 12 , 
13, 7 , 13, 10 , 13, 2 , 14, 3 , 14, 1 , 14, 8 , 14, 5 , 14, 7 
, 15, 8 , 15, 13 , 15, 10 , 15, 11 , 15, 14 , 15, 12 , 15, 13 
, 16, 12 , 16, 12 , 17, 9 , 17, 6 , 18, 16 , 18, 13 , 18, 13 
, 19, 5 , 19, 3 , 19, 16 , 20, 17 , 21, 12 , 21, 16 , 22, 21 
, 22, 12 , 22, 20 , 23, 9 , 23, 4 , 24, 9 , 24, 18 , 25, 14 , 
25, 4 , 26, 23 , 26, 3 , 26, 20 , 26, 9 , 26, 13 , 27, 8 , 27, 
27 , 28, 7 , 28, 10 , 28, 10 , 29, 9 , 29, 7 , 29, 28 , 29, 24 
, 30, 22 , 30, 23 , 31, 2 , 31, 6 , 32, 20 , 32, 12 , 32, 26 
, 32, 17 , 33, 15 , 33, 12 , 33, 9 , 33, 21 , 33, 32 , 34, 30 
, 34, 6 , 34, 24 , 34, 31 , 35, 5 , 35, 7 , 35, 3 , 35, 6 , 
35, 17 , 36, 15 , 36, 17 , 37, 19 , 37, 36 , 37, 26 , 38, 14 , 
38, 8 , 39, 37 , 39, 29 , 40, 21 , 40, 10 , 40, 21 , 41, 31 , 
41, 21 , 42, 25 , 42, 12 , 42, 6 , 42, 15 , 42, 4 , 42, 8 , 
43, 7 , 43, 12 , 43, 3 , 43, 42 , 43, 17 , 43, 4 , 43, 1 , 43, 
9 , 43, 2 , 43, 5 , 43, 6 , 44, 41 , 44, 44 , 45, 42 , 45, 44 
, 46, 43 , 46, 6 , 46, 41 , 46, 20 , 47, 30 , 47, 3 , 48, 4 , 
48, 7 , 48, 19 , 48, 14 , 48, 5 , 48, 1 , 48, 8 , 48, 38 , 48, 
26 , 48, 24 , 49, 36 , 49, 37 , 49, 19 , 49, 13 , 49, 37 , 50, 
43 , 50, 1 , 50, 32 , 51, 22 , 51, 21 , 51, 30 , 51, 34 , 52, 
16 , 52, 32 , 52, 26 , 52, 29 , 53, 21 , 53, 42 , 53, 51 , 53, 
43 , 53, 50 , 53, 37 , 54, 38 , 54, 36 , 54, 48 , 54, 8 , 54, 
50 , 55, 2 , 55, 4 , 55, 37 , 56, 34 , 56, 24 , 56, 55 , 57, 9 
, 57, 24 , 57, 36 , 58, 4 , 58, 44 , 59, 33 , 59, 45 , 59, 9 
, 59, 15 , 59, 11 , 60, 50 , 60, 45 , 61, 1 , 61, 32 , 62, 59 
, 62, 19 , 63, 25 , 63, 48 , 63, 54 , 63, 34 , 64, 53 , 64, 24 
, 64, 42 , 64, 14 , 65, 63 , 65, 5 , 65, 25 , 65, 54 , 65, 48 
, 65, 42 , 65, 37 , 65, 38 , 65, 8 , 65, 26 , 65, 32 , 65, 20 
, 65, 16 , 65, 47 , 65, 22 , 65, 32 , 66, 50 , 66, 57 , 67, 33 
, 67, 55 , 67, 59 , 67, 35 , 68, 41 , 68, 46 , 68, 5 , 69, 8 
, 69, 65 , 69, 43 , 69, 29 , 70, 14 , 70, 9 , 70, 38 , 70, 48 
, 70, 54 , 70, 1 , 70, 59 , 71, 40 , 71, 23 , 72, 16 , 72, 7 
, 73, 42 , 73, 53 , 73, 46 , 74, 6 , 74, 51 , 75, 12 , 75, 6 
, 75, 17 , 75, 4 , 76, 56 , 76, 37 , 77, 44 , 77, 64 , 78, 77 
, 78, 34 , 79, 25 , 79, 6 , 79, 12 , 80, 30 , 80, 39 , 81, 8 
, 81, 15 , 82, 8 , 82, 27 , 82, 13 , 82, 18 , 82, 72 , 83, 2 
, 83, 61 , 84, 65 , 84, 1 , 84, 22 , 84, 51 , 85, 81 , 85, 19 
, 86, 40 , 86, 49 , 86, 10 , 86, 78 , 87, 13 , 87, 31 , 88, 44 
, 88, 23 , 88, 9 , 88, 26 , 88, 32 , 88, 63 , 89, 86 , 89, 52 
, 90, 82 , 90, 57 , 91, 78 , 91, 55 , 91, 87 , 91, 67 , 92, 51 
, 92, 24 , 93, 41 , 93, 49 , 93, 21 , 93, 31 , 93, 42 , 93, 36 
, 94, 30 , 94, 47 , 95, 64 , 95, 65 , 95, 20 , 96, 60 , 96, 11 
, 96, 37 , 97, 78 , 97, 95 , 98, 20 , 98, 65 , 98, 15 , 99, 6 
, 99, 27 , 100, 79 , 100, 53 , 101, 43 , 101, 97 , 102, 69 , 
102, 37 , 102, 17 , 103, 81 , 103, 8 , 103, 82 , 103, 18 , 103, 
59 , 104, 90 , 104, 81 , 105, 45 , 105, 61 , 105, 27 , 106, 80 
, 106, 100 , 106, 49 , 107, 85 , 107, 38 , 108, 62 , 108, 48 , 
108, 47 , 109, 91 , 109, 61 , 110, 69 , 110, 102 , 110, 52 , 
111, 42 , 111, 63 , 112, 86 , 112, 21 , 113, 29 , 113, 86 , 
114, 92 , 114, 67 , 114, 13 , 115, 96 , 115, 13 , 116, 74 , 
116, 7 , 116, 10 , 116, 99 , 117, 102 , 117, 15 , 117, 37 , 
118, 23 , 118, 56 , 119, 85 , 119, 81 , 119, 105 , 119, 5 , 
120, 60 , 120, 3 , 120, 11 , 120, 1 , 120, 14 , 120, 96 , 120, 
17 , 121, 33 , 121, 84 , 122, 29 , 122, 1 , 122, 61 , 122, 9 , 
122, 45 , 122, 7 , 123, 119 , 123, 25 , 124, 33 , 124, 15 , 
124, 50 , 125, 26 , 125, 121 , 126, 70 , 126, 39 , 127, 51 , 
127, 37 , 127, 101 , 128, 21 , 128, 53 , 128, 93 , 128, 123 , 
129, 62 , 129, 21 , 130, 15 , 130, 8 , 130, 82 , 130, 109 , 
131, 6 , 131, 56 , 132, 74 , 132, 87 , 133, 9 , 133, 2 , 133, 1 
, 133, 4 , 134, 8 , 134, 55 , 135, 66 , 135, 57 , 135, 35 , 
136, 25 , 136, 48 , 137, 26 , 137, 63 , 137, 49 , 138, 38 , 
138, 26 , 138, 3 , 138, 65 , 138, 55 , 139, 27 , 139, 8 , 139, 
132 , 140, 138 , 140, 56 , 140, 74 , 140, 82 , 141, 114 , 141, 
81 , 142, 44 , 142, 67 , 143, 131 , 143, 16 , 144, 93 , 144, 52 
, 144, 49 , 144, 83 , 145, 25 , 145, 18 , 145, 42 , 145, 63 , 
146, 141 , 146, 19 , 146, 112 , 146, 98 , 147, 77 , 147, 51 , 
148, 79 , 148, 64 , 149, 34 , 149, 32 , 149, 51 , 149, 132 , 
150, 17 , 150, 64 , 151, 118 , 151, 130 , 152, 71 , 152, 59 , 
152, 45 , 152, 16 , 153, 28 , 153, 88 , 154, 64 , 154, 81 , 
155, 58 , 155, 119 , 155, 87 , 156, 6 , 156, 93 , 157, 86 , 
157, 144 , 157, 50 , 158, 20 , 158, 49 , 159, 34 , 159, 52 , 
160, 72 , 160, 111 , 160, 128 , 161, 31 , 161, 154 , 162, 64 , 
162, 50 , 163, 29 , 163, 1 , 163, 17 , 164, 159 , 164, 21 , 
165, 80 , 165, 41 , 165, 141 , 166, 120 , 166, 1 , 166, 69 , 
167, 157 , 167, 144 , 167, 49 , 167, 16 , 167, 13 , 167, 12 , 
168, 48 , 168, 75 , 168, 3 , 168, 1 , 168, 75 , 169, 1 , 169, 
15 , 170, 159 , 170, 49 , 170, 162 , 171, 107 , 171, 34 , 172, 
37 , 172, 50 , 172, 54 , 172, 97 , 172, 141 , 173, 7 , 173, 44 
, 174, 98 , 174, 55 , 175, 44 , 175, 6 , 175, 41 , 175, 147 , 
176, 49 , 176, 98 , 176, 77 , 176, 60 , 177, 27 , 177, 13 , 
177, 12 , 177, 10 , 177, 83 , 178, 18 , 178, 111 , 179, 49 , 
179, 24 , 179, 93 , 179, 4 , 179, 102 , 180, 125 , 180, 50 , 
180, 95 , 181, 93 , 181, 98 , 181, 21 , 181, 174 , 181, 69 , 
182, 179 , 182, 102 , 182, 110 , 182, 61 , 182, 37 , 183, 71 , 
183, 103 , 184, 146 , 184, 81 , 184, 8 , 184, 21 , 185, 151 , 
185, 12 , 185, 51 , 185, 1 , 185, 75 , 185, 148 , 185, 79 , 
185, 158 , 186, 169 , 186, 20 , 186, 75 , 186, 16 , 186, 65 , 
186, 12 , 186, 54 , 186, 22 , 186, 7 , 186, 48 , 186, 51 , 186, 
36 , 187, 33 , 187, 21 , 187, 81 , 188, 137 , 188, 8 , 188, 2 
, 188, 83 , 188, 4 , 189, 39 , 189, 166 , 190, 150 , 190, 6 , 
191, 122 , 191, 61 , 191, 125 , 192, 26 , 192, 180 , 192, 158 , 
193, 108 , 193, 20 , 193, 4 , 194, 25 , 194, 2 , 194, 3 , 194, 
145 , 194, 43 , 194, 1 , 194, 26 , 194, 53 , 194, 51 , 194, 75 
, 194, 94 , 195, 174 , 195, 161 , 196, 192 , 196, 177 , 197, 76 
, 197, 17 , 198, 195 , 198, 163 , 199, 160 , 199, 107 , 200, 
162 , 200, 171 , 200, 197 , 201, 61 , 201, 103 , 202, 194 , 
202, 18 , 202, 98 , 203, 142 , 203, 174 , 203, 44 , 203, 6 , 
203, 69 , 204, 27 , 204, 2 , 205, 187 , 205, 57 , 206, 12 , 
206, 24 , 206, 55 , 206, 3 , 206, 49 , 206, 50 , 206, 2 , 206, 
4 , 206, 36 , 206, 163 , 206, 172 , 206, 53 , 206, 29 , 206, 30 
, 207, 43 , 207, 50 , 207, 125 , 207, 172 , 207, 37 , 208, 44 
, 208, 31 , 209, 55 , 209, 23 , 209, 69 , 210, 71 , 210, 192 , 
211, 169 , 211, 73 , 212, 122 , 212, 58 , 213, 29 , 213, 155 , 
213, 90 , 214, 126 , 214, 52 , 214, 26 , 214, 67 , 215, 76 , 
215, 133 , 216, 2 , 216, 1 , 216, 9 , 216, 14 , 216, 109 , 217, 
33 , 217, 21 , 217, 139 , 218, 58 , 218, 36 , 218, 17 , 218, 82 
, 219, 183 , 219, 176 , 220, 47 , 220, 109 , 220, 171 , 221, 25 
, 221, 181 , 222, 109 , 222, 47 , 222, 123 , 223, 110 , 223, 30 
, 224, 139 , 224, 128 , 225, 147 , 225, 25 , 226, 215 , 226, 
136 , 226, 76 , 226, 197 , 226, 144 , 227, 178 , 227, 198 , 
228, 46 , 228, 195 , 228, 94 , 228, 174 , 228, 98 , 228, 181 , 
228, 227 , 229, 108 , 229, 228 , 230, 174 , 230, 72 , 231, 197 
, 231, 16 , 231, 160 , 231, 83 , 231, 125 , 232, 132 , 232, 50 
, 232, 125 , 233, 216 , 233, 119 , 234, 233 , 234, 85 , 234, 
125 , 234, 107 , 234, 50 , 234, 95 , 235, 216 , 235, 4 , 236, 
168 , 236, 114 , 237, 214 , 237, 204 , 238, 161 , 238, 61 , 
239, 176 , 239, 45 , 239, 190 , 240, 235 , 240, 166 , 240, 1 , 
240, 23 , 241, 107 , 241, 234 , 241, 81 , 242, 237 , 242, 114 , 
242, 86 , 242, 47 , 243, 141 , 243, 35 , 244, 99 , 244, 136 , 
244, 35 , 245, 23 , 245, 136 , 245, 121 , 246, 166 , 246, 126 , 
246, 214 , 246, 237 , 246, 128 , 247, 42 , 247, 53 , 247, 213 , 
248, 173 , 248, 239 , 249, 40 , 249, 86 , 249, 80 , 250, 118 , 
250, 12 , 250, 170 , 251, 45 , 251, 47 , 252, 6 , 252, 20 , 
252, 30 , 252, 208 , 253, 30 , 253, 160 , 254, 83 , 254, 85 , 
255, 9 , 255, 212 , 256, 247 , 256, 73 , 256, 178 , 257, 234 , 
257, 119 , 257, 125 , 257, 26 , 258, 28 , 258, 145 , 259, 31 , 
259, 194 , 259, 202 , 259, 240 , 260, 27 , 260, 139 , 260, 209 
, 261, 203 , 261, 142 , 261, 23 , 262, 208 , 262, 253 , 262, 1 
, 263, 231 , 263, 163 , 263, 75 , 264, 166 , 264, 134 , 265, 27 
, 265, 220 , 266, 82 , 266, 238 , 267, 197 , 267, 154 , 268, 40 
, 268, 31 , 269, 133 , 269, 177 , 270, 255 , 270, 12 , 270, 27 
, 270, 197 , 270, 10 , 270, 76 , 270, 47 , 271, 253 , 271, 208 
, 271, 5 , 272, 253 , 272, 171 , 273, 167 , 273, 200 , 273, 75 
, 274, 89 , 274, 51 , 274, 141 , 275, 145 , 275, 148 , 276, 63 
, 276, 51 , 276, 185 , 276, 194 , 276, 75 , 276, 79 , 276, 12 
, 276, 6 , 276, 34 , 276, 142 , 277, 213 , 277, 29 , 277, 179 
, 278, 27 , 278, 182 , 278, 139 , 278, 270 , 278, 69 , 278, 55 
, 278, 10 , 278, 135 , 278, 177 , 278, 116 , 278, 7 , 278, 223 
, 279, 274 , 279, 36 , 280, 103 , 280, 8 , 280, 149 , 281, 228 
, 281, 34 , 281, 159 , 281, 49 , 281, 132 , 282, 58 , 282, 74 
, 282, 4 , 282, 36 , 282, 6 , 282, 57 , 283, 259 , 283, 200 , 
284, 207 , 284, 39 , 285, 49 , 285, 188 , 286, 13 , 286, 12 , 
286, 189 , 287, 17 , 287, 12 , 287, 54 , 288, 262 , 288, 276 , 
289, 243 , 289, 184 , 290, 287 , 290, 198 , 291, 41 , 291, 13 , 
292, 15 , 292, 7 , 292, 10 , 292, 12 , 292, 11 , 292, 73 , 292, 
123 , 292, 6 , 292, 119 , 293, 86 , 293, 6 , 294, 276 , 294, 
226 , 295, 266 , 295, 136 , 295, 215 , 295, 76 , 295, 197 , 
295, 236 , 296, 125 , 296, 197 , 297, 279 , 297, 223 , 297, 274 
, 297, 180 , 298, 265 , 298, 125 , 298, 50 , 298, 289 , 299, 
173 , 299, 141 , 299, 7 , 299, 90 , 300, 164 , 300, 152 , 301, 
40 , 301, 29 , 301, 21 , 301, 12 , 301, 22 , 302, 181 , 302, 12 
, 302, 186 , 302, 95 , 302, 278 , 303, 132 , 303, 21 , 304, 12 
, 304, 272 , 305, 106 , 305, 5 , 305, 280 , 306, 33 , 306, 115 
, 307, 139 , 307, 282 , 308, 106 , 308, 246 , 309, 179 , 309, 
57 , 310, 215 , 310, 137 , 311, 301 , 311, 171 , 312, 264 , 
312, 107 , 312, 221 , 312, 49 , 312, 234 , 312, 167 , 312, 308 
, 313, 89 , 313, 103 , 314, 214 , 314, 52 , 314, 34 , 314, 76 
, 315, 189 , 315, 287 , 315, 300 , 316, 64 , 316, 179 , 317, 32 
, 317, 66 , 317, 135 , 317, 260 , 318, 230 , 318, 228 , 318, 
174 , 318, 44 , 319, 284 , 319, 287 , 320, 272 , 320, 253 , 
320, 138 , 321, 223 , 321, 150 , 322, 185 , 322, 51 , 322, 12 , 
322, 276 , 322, 6 , 322, 289 , 322, 294 , 322, 3 , 322, 4 , 
322, 2 , 322, 1 , 322, 233 , 323, 292 , 323, 160 , 324, 272 , 
324, 320 , 324, 100 , 325, 45 , 325, 27 , 325, 106 , 325, 42 , 
325, 82 , 325, 21 , 325, 6 , 325, 305 , 326, 213 , 326, 29 , 
327, 265 , 327, 134 , 327, 27 , 327, 189 , 328, 74 , 328, 170 , 
329, 161 , 329, 49 , 329, 160 , 330, 24 , 330, 106 , 331, 299 , 
331, 25 , 332, 110 , 332, 294 , 333, 195 , 333, 276 , 333, 289 
, 333, 33 , 334, 229 , 334, 322 , 335, 184 , 335, 104 , 336, 
154 , 336, 268 , 336, 162 , 336, 100 , 337, 246 , 337, 79 , 
337, 27 , 337, 110 , 338, 99 , 338, 279 , 339, 328 , 339, 172 , 
340, 245 , 340, 207 , 340, 148 , 341, 333 , 341, 276 , 341, 141 
, 342, 40 , 342, 299 , 342, 85 , 343, 200 , 343, 51 , 343, 255 
, 343, 284 , 343, 273 , 343, 9 , 343, 4 , 343, 187 , 344, 193 
, 344, 20 , 344, 40 , 345, 19 , 345, 71 , 345, 98 , 346, 1 , 
346, 2 , 346, 198 , 347, 15 , 347, 59 , 347, 40 , 348, 170 , 
348, 159 , 348, 164 , 348, 300 , 348, 278 , 349, 42 , 349, 303 
, 349, 3 , 350, 164 , 350, 1 , 350, 2 , 350, 11 , 350, 229 , 
351, 239 , 351, 177 , 352, 27 , 352, 10 , 352, 283 , 353, 308 , 
353, 57 , 353, 259 , 353, 282 , 353, 34 , 354, 273 , 354, 126 , 
355, 306 , 355, 33 , 355, 197 , 356, 106 , 356, 308 , 356, 334 
, 357, 38 , 357, 33 , 357, 339 , 358, 299 , 358, 331 , 358, 342 
, 358, 106 , 358, 305 , 358, 356 , 358, 308 , 358, 326 , 358, 
334 , 359, 283 , 359, 357 , 359, 146 , 360, 234 , 360, 346 , 
361, 230 , 361, 228 , 361, 98 , 361, 216 , 362, 339 , 362, 14 , 
362, 233 , 362, 358 , 362, 48 , 363, 172 , 363, 186 , 363, 138 
, 364, 21 , 364, 65 , 364, 140 , 364, 17 , 364, 12 , 364, 38 , 
364, 36 , 364, 364 , 365, 329 , 365, 190 , 366, 312 , 366, 166 
, 366, 317 , 367, 223 , 367, 66 , 367, 123 , 367, 297 , 367, 
267 , 368, 172 , 368, 197 , 368, 63 , 369, 68 , 369, 25 , 370, 
159 , 370, 34 , 370, 240 , 371, 230 , 371, 260 , 371, 226 , 
372, 135 , 372, 55 , 373, 312 , 373, 280 , 374, 228 , 374, 134 
, 375, 341 , 375, 114 , 376, 43 , 376, 42 , 377, 70 , 377, 15 
, 377, 145 , 377, 53 , 377, 128 , 377, 21 , 377, 101 , 377, 17 
, 377, 150 , 377, 353 , 378, 250 , 378, 266 , 379, 345 , 379, 9 
, 380, 208 , 380, 334 , 381, 237 , 381, 357 , 381, 305 , 382, 
56 , 382, 140 , 382, 34 , 383, 161 , 383, 24 , 383, 159 , 383, 
348 , 383, 220 , 384, 100 , 384, 7 , 385, 74 , 385, 3 , 385, 6 
, 385, 46 , 385, 111 , 386, 165 , 386, 42 , 386, 293 , 387, 66 
, 387, 257 , 388, 116 , 388, 125 , 388, 7 , 388, 385 , 388, 59 
, 389, 43 , 389, 72 , 390, 311 , 390, 194 , 391, 351 , 391, 202 
, 391, 103 , 391, 389 , 392, 268 , 392, 192 , 393, 266 , 393, 
125 , 393, 216 , 394, 15 , 394, 46 , 395, 66 , 395, 387 , 395, 
384 , 396, 337 , 396, 104 , 397, 287 , 397, 264 , 398, 274 , 
398, 75 , 398, 297 , 398, 279 , 398, 186 , 398, 223 , 398, 158 
, 398, 274 , 399, 179 , 399, 309 , 399, 115 , 400, 259 , 400, 
353 , 400, 322 , 401, 300 , 401, 284 , 402, 94 , 402, 301 , 
403, 195 , 403, 311 , 403, 260 , 404, 317 , 404, 32 , 404, 179 
, 404, 209 , 405, 327 , 405, 4 , 406, 204 , 406, 12 , 406, 3 , 
406, 6 , 406, 120 , 406, 325 , 406, 348 , 407, 191 , 407, 94 , 
408, 370 , 408, 36 , 408, 82 , 409, 335 , 409, 219 , 409, 63 , 
410, 315 , 410, 372 , 411, 307 , 411, 226 , 411, 139 , 411, 342 
, 412, 164 , 412, 358 , 412, 330 , 413, 117 , 413, 273 , 414, 
108 , 414, 193 , 414, 36 , 415, 119 , 415, 218 , 415, 155 , 
415, 204 , 416, 337 , 416, 18 , 417, 108 , 417, 294 , 418, 234 
, 418, 6 , 418, 300 , 419, 368 , 419, 197 , 419, 370 , 420, 18 
, 420, 202 , 420, 55 , 421, 73 , 421, 278 , 421, 147 , 422, 48 
, 422, 225 , 422, 176 , 422, 1 , 422, 38 , 422, 378 , 423, 314 
, 423, 420 , 424, 145 , 424, 422 , 425, 320 , 425, 204 , 426, 
104 , 426, 17 , 427, 398 , 427, 9 , 427, 158 , 427, 4 , 427, 50 
, 427, 193 , 427, 285 , 428, 397 , 428, 135 , 429, 107 , 429, 
49 , 429, 307 , 430, 54 , 430, 36 , 430, 8 , 430, 17 , 430, 11 
, 430, 12 , 430, 254 , 431, 123 , 431, 353 , 432, 392 , 432, 
389 , 432, 31 , 433, 105 , 433, 321 , 434, 423 , 434, 373 , 
435, 394 , 435, 312 , 435, 366 , 435, 166 , 435, 379 , 436, 412 
, 436, 186 , 437, 361 , 437, 33 , 438, 429 , 438, 21 , 439, 329 
, 439, 49 , 439, 138 , 439, 206 , 439, 26 , 439, 9 , 439, 258 
, 439, 137 , 439, 56 , 440, 49 , 440, 13 , 440, 10 , 440, 376 
, 441, 420 , 441, 424 , 441, 355 , 442, 360 , 442, 33 , 442, 30 
, 443, 355 , 443, 33 , 443, 438 , 443, 166 , 444, 269 , 444, 1 
, 444, 120 , 444, 406 , 444, 367 , 445, 320 , 445, 240 , 446, 
256 , 446, 1 , 446, 371 , 446, 61 , 446, 105 , 446, 182 , 446, 
119 , 446, 56 , 447, 209 , 447, 55 , 447, 89 , 448, 351 , 448, 
313 , 448, 274 , 448, 75 , 448, 74 , 449, 291 , 449, 46 , 449, 
68 , 449, 233 , 450, 420 , 450, 163 , 451, 144 , 451, 451 , 
452, 136 , 452, 35 , 452, 251 , 453, 187 , 453, 205 , 453, 448 
, 454, 181 , 454, 302 , 454, 128 , 455, 317 , 455, 21 , 455, 93 
, 455, 364 , 455, 181 , 455, 144 , 455, 257 , 456, 422 , 456, 
178 , 456, 147 , 456, 20 , 457, 124 , 457, 28 , 458, 134 , 458, 
258 , 458, 29 , 458, 153 , 458, 40 , 459, 148 , 459, 318 , 460, 
44 , 460, 88 , 460, 154 , 460, 34 , 461, 380 , 461, 383 , 461, 
348 , 461, 212 , 462, 411 , 462, 256 , 462, 247 , 462, 73 , 
462, 446 , 462, 42 , 462, 421 , 462, 278 , 462, 303 , 462, 132 
, 462, 399 , 463, 329 , 463, 274 , 463, 309 , 463, 439 , 463, 
365 , 463, 26 , 463, 339 , 464, 367 , 464, 279 , 464, 328 , 
464, 358 , 464, 223 , 464, 189 , 464, 74 , 464, 106 , 464, 321 
, 464, 287 , 464, 315 , 464, 140 , 464, 76 , 464, 410 , 464, 
138 , 464, 331 , 465, 176 , 465, 147 , 465, 98 , 465, 220 , 
465, 239 , 465, 422 , 465, 77 , 465, 225 , 465, 128 , 465, 140 
, 466, 214 , 466, 464 , 466, 382 , 466, 21 , 467, 26 , 467, 130 
, 467, 8 , 467, 5 , 467, 1 , 467, 65 , 467, 42 , 467, 69 , 
467, 167 , 467, 273 , 467, 171 , 467, 38 , 468, 408 , 468, 219 
, 469, 209 , 469, 183 , 469, 405 , 469, 261 , 469, 242 , 470, 
469 , 470, 183 , 470, 71 , 470, 395 , 471, 344 , 471, 46 , 471, 
20 , 471, 23 , 471, 149 , 472, 268 , 472, 84 , 473, 191 , 473, 
122 , 473, 407 , 473, 1 , 473, 420 , 474, 322 , 474, 243 , 475, 
473 , 475, 16 , 476, 132 , 476, 462 , 476, 140 , 476, 303 , 
476, 232 , 476, 22 , 477, 31 , 477, 258 , 478, 128 , 478, 458 , 
478, 269 , 479, 6 , 479, 371 , 480, 26 , 480, 3 , 480, 9 , 480, 
300 , 481, 105 , 481, 316 , 481, 303 , 482, 403 , 482, 18 , 
483, 35 , 483, 240 , 484, 12 , 484, 1 , 484, 10 , 484, 33 , 
484, 42 , 484, 206 , 484, 362 , 485, 89 , 485, 63 , 485, 86 , 
485, 448 , 485, 137 , 485, 293 , 485, 313 , 485, 257 , 486, 315 
, 486, 464 , 486, 80 , 487, 397 , 487, 12 , 487, 287 , 487, 189 
, 487, 315 , 487, 464 , 487, 328 , 487, 486 , 487, 257 , 487, 
369 , 488, 466 , 488, 19 , 489, 450 , 489, 146 , 489, 162 , 
490, 376 , 490, 64 , 490, 441 , 490, 65 , 491, 381 , 491, 239 , 
492, 87 , 492, 78 , 492, 163 , 493, 150 , 493, 1 , 493, 109 , 
494, 384 , 494, 100 , 494, 136 , 495, 469 , 495, 151 , 496, 409 
, 496, 302 , 497, 433 , 497, 321 , 498, 465 , 498, 147 , 499, 
51 , 499, 21 , 499, 22 , 499, 318 , 500, 146 , 500, 460 , 500, 
19 , 500