1 , 340, 3 , 116, 252 , 401, 4 , 5, 5 , 6, 7 , 424, 7 , 8, 9 
, 257, 9 , 401, 11 , 132, 11 , 465, 12 , 117, 13 , 14, 14 , 
15, 16 , 225, 17 , 166, 32 , 39, 18 , 19, 20 , 176, 20 , 21, 21 
, 22, 22 , 23, 23 , 24, 24 , 25, 25 , 26, 26 , 27, 27 , 28, 28 
, 29, 29 , 30, 31 , 60, 31 , 32, 32 , 33, 33 , 34, 34 , 52, 35 
, 36, 36 , 37, 37 , 38, 38 , 39, 39 , 300, 40 , 41, 41 , 160, 
42 , 43, 43 , 44, 44 , 45, 45 , 292, 46 , 47, 47 , 48, 48 , 
49, 49 , 50, 50 , 51, 51 , 52, 52 , 53, 53 , 54, 54 , 55, 19 , 
55, 56 , 57, 57 , 58, 331 , 488, 60 , 214, 60 , 61, 61 , 62, 62 
, 63, 63 , 64, 64 , 65, 65 , 148, 66 , 67, 67 , 68, 69 , 74, 
69 , 70, 70 , 71, 71 , 248, 72 , 73, 73 , 74, 74 , 75, 75 , 
200, 76 , 77, 77 , 78, 78 , 79, 79 , 80, 80 , 81, 81 , 82, 67 
, 393, 83 , 132, 85 , 130, 85 , 86, 86 , 87, 87 , 88, 88 , 
236, 51 , 90, 90 , 91, 91 , 92, 92 , 93, 94 , 471, 95 , 107, 95 
, 96, 96 , 97, 97 , 98, 98 , 99, 51 , 99, 101 , 154, 101 , 
102, 103 , 162, 103 , 104, 104 , 105, 105 , 106, 106 , 107, 107 
, 108, 108 , 109, 109 , 110, 110 , 271, 111 , 112, 112 , 113, 
113 , 114, 114 , 115, 116 , 483, 116 , 117, 117 , 118, 118 , 
119, 119 , 406, 120 , 121, 121 , 122, 122 , 123, 62 , 123, 124 
, 125, 125 , 126, 126 , 310, 127 , 128, 128 , 129, 129 , 130, 
130 , 131, 131 , 132, 62 , 132, 133 , 134, 135 , 448, 135 , 
136, 454 , 478, 137 , 442, 138 , 139, 224 , 430, 140 , 317, 141 
, 142, 142 , 143, 143 , 144, 144 , 145, 146 , 378, 146 , 147, 
147 , 148, 148 , 149, 149 , 150, 150 , 151, 151 , 152, 152 , 
153, 153 , 154, 154 , 155, 155 , 156, 156 , 159, 158 , 353, 158 
, 159, 159 , 160, 160 , 161, 161 , 162, 162 , 163, 164 , 191, 
164 , 497, 165 , 166, 166 , 167, 65 , 168, 168 , 350, 169 , 
170, 171 , 462, 171 , 172, 172 , 173, 173 , 174, 174 , 175, 175 
, 176, 176 , 177, 177 , 178, 178 , 179, 157 , 206, 180 , 465, 
181 , 182, 182 , 183, 183 , 184, 185 , 454, 174 , 185, 186 , 
187, 187 , 188, 188 , 189, 189 , 190, 190 , 191, 192 , 343, 192 
, 193, 193 , 194, 194 , 195, 195 , 451, 196 , 197, 197 , 198, 
198 , 449, 176 , 200, 200 , 201, 202 , 476, 202 , 203, 203 , 
204, 205 , 233, 43 , 206, 75 , 206, 207 , 208, 208 , 209, 209 , 
210, 210 , 461, 211 , 212, 212 , 213, 213 , 214, 20 , 214, 215 
, 216, 216 , 217, 217 , 218, 218 , 219, 185 , 219, 220 , 221, 
221 , 222, 222 , 223, 223 , 224, 224 , 225, 25 , 225, 226 , 
227, 227 , 228, 229 , 408, 230 , 497, 230 , 272, 53 , 231, 89 , 
200, 233 , 234, 234 , 235, 235 , 236, 150 , 236, 237 , 238, 238 
, 239, 239 , 240, 240 , 241, 190 , 242, 242 , 243, 243 , 393, 
244 , 245, 245 , 246, 246 , 247, 41 , 247, 248 , 249, 210 , 
249, 250 , 251, 251 , 252, 41 , 158, 253 , 254, 147 , 392, 255 
, 256, 256 , 257, 1 , 257, 258 , 259, 259 , 260, 260 , 261, 261 
, 262, 262 , 263, 263 , 342, 265 , 487, 224 , 265, 266 , 267, 
267 , 268, 268 , 269, 163 , 270, 270 , 271, 271 , 272, 78 , 
272, 273 , 274, 274 , 491, 108 , 275, 277 , 376, 277 , 278, 278 
, 279, 279 , 280, 280 , 281, 221 , 282, 282 , 283, 283 , 284, 
284 , 285, 285 , 286, 287 , 496, 287 , 288, 288 , 441, 289 , 
290, 290 , 291, 292 , 430, 292 , 293, 293 , 294, 294 , 295, 295 
, 296, 296 , 297, 297 , 298, 298 , 299, 299 , 300, 300 , 403, 
100 , 301, 302 , 303, 303 , 304, 61 , 305, 305 , 306, 306 , 
307, 307 , 308, 253 , 308, 309 , 310, 310 , 311, 311 , 312, 312 
, 313, 313 , 314, 314 , 315, 315 , 316, 316 , 317, 35 , 318, 
318 , 319, 319 , 419, 268 , 350, 321 , 322, 322 , 323, 186 , 
323, 324 , 325, 20 , 326, 320 , 415, 327 , 328, 328 , 329, 92 , 
329, 101 , 148, 331 , 332, 15 , 332, 333 , 334, 334 , 335, 300 
, 336, 89 , 337, 337 , 338, 73 , 339, 339 , 422, 308 , 483, 341 
, 342, 342 , 343, 343 , 344, 344 , 397, 346 , 450, 346 , 347, 
347 , 348, 348 , 349, 349 , 350, 350 , 351, 351 , 352, 145 , 
353, 237 , 354, 388 , 454, 308 , 356, 356 , 357, 358 , 476, 358 
, 455, 359 , 360, 360 , 361, 44 , 361, 267 , 362, 363 , 364, 
277 , 388, 365 , 366, 366 , 367, 367 , 368, 368 , 369, 369 , 
370, 370 , 371, 221 , 372, 372 , 373, 373 , 374, 230 , 374, 369 
, 376, 378 , 390, 346 , 378, 26 , 378, 379 , 380, 42 , 380, 161 
, 241, 26 , 99, 383 , 384, 384 , 417, 385 , 386, 187 , 387, 299 
, 388, 388 , 389, 389 , 390, 390 , 391, 4 , 392, 392 , 393, 393 
, 394, 394 , 395, 395 , 396, 397 , 405, 397 , 398, 398 , 399, 
390 , 400, 400 , 401, 401 , 402, 402 , 403, 81 , 403, 404 , 
405, 405 , 406, 406 , 407, 87 , 488, 338 , 408, 81 , 409, 410 , 
411, 411 , 412, 73 , 413, 6 , 413, 104 , 414, 415 , 416, 158 , 
416, 417 , 418, 84 , 419, 420 , 495, 420 , 421, 421 , 422, 422 
, 423, 89 , 424, 424 , 425, 425 , 426, 426 , 427, 427 , 428, 
428 , 429, 429 , 430, 364 , 445, 213 , 431, 78 , 432, 433 , 
434, 324 , 435, 435 , 482, 335 , 389, 154 , 437, 90 , 439, 439 
, 440, 440 , 441, 301 , 441, 401 , 443, 443 , 444, 444 , 445, 
221 , 445, 446 , 447, 447 , 448, 448 , 449, 283 , 449, 262 , 
450, 451 , 452, 452 , 453, 454 , 481, 376 , 454, 455 , 456, 52 
, 457, 457 , 458, 458 , 459, 459 , 460, 460 , 461, 461 , 462, 
462 , 463, 148 , 464, 464 , 465, 465 , 466, 14 , 466, 467 , 
468, 468 , 469, 137 , 470, 470 , 471, 471 , 472, 98 , 473, 473 
, 474, 453 , 475, 475 , 476, 476 , 477, 477 , 478, 478 , 479, 
479 , 480, 480 , 481, 429 , 482, 482 , 483, 483 , 484, 484 , 
485, 485 , 486, 486 , 487, 487 , 488, 488 , 489, 489 , 490, 476 
, 490, 491 , 492, 202 , 492, 493 , 494, 494 , 495, 154 , 495, 
496 , 497, 497 , 498, 498 , 499, 200 , 500, 1 , 500, 1 , 3, 1 
, 499, 2 , 500, 2 , 4, 3 , 5, 4 , 6, 5 , 235, 6 , 458, 7 , 9, 
8 , 10, 9 , 11, 10 , 12, 11 , 13, 12 , 14, 13 , 301, 14 , 16, 
15 , 17, 16 , 18, 17 , 19, 18 , 20, 19 , 21, 20 , 22, 21 , 23, 
22 , 24, 23 , 25, 26 , 189, 25 , 27, 26 , 28, 27 , 29, 28 , 
30, 29 , 31, 30 , 32, 31 , 33, 32 , 34, 33 , 341, 34 , 36, 35 
, 37, 36 , 38, 39 , 289, 49 , 280, 39 , 41, 42 , 135, 41 , 
391, 42 , 44, 43 , 45, 44 , 46, 47 , 265, 46 , 48, 49 , 139, 48 
, 50, 49 , 51, 50 , 52, 51 , 53, 54 , 263, 53 , 55, 54 , 56, 
55 , 57, 56 , 58, 57 , 59, 58 , 60, 59 , 476, 60 , 62, 61 , 
63, 62 , 64, 63 , 65, 64 , 66, 67 , 141, 66 , 68, 67 , 69, 70 
, 190, 69 , 457, 70 , 487, 71 , 73, 72 , 74, 75 , 428, 74 , 
400, 75 , 77, 76 , 78, 77 , 376, 16 , 80, 49 , 79, 80 , 82, 81 
, 242, 82 , 84, 83 , 85, 84 , 86, 85 , 87, 86 , 88, 87 , 89, 
88 , 90, 89 , 91, 92 , 407, 91 , 93, 92 , 265, 93 , 95, 94 , 
107, 95 , 97, 98 , 218, 97 , 410, 100 , 410, 99 , 101, 100 , 
191, 101 , 103, 102 , 202, 103 , 105, 104 , 426, 105 , 107, 108 
, 245, 107 , 109, 110 , 424, 111 , 295, 180 , 360, 111 , 113, 
112 , 114, 113 , 115, 116 , 189, 5 , 241, 116 , 118, 117 , 119, 
118 , 120, 121 , 374, 27 , 122, 123 , 373, 122 , 124, 82 , 125, 
265 , 469, 125 , 127, 128 , 280, 127 , 129, 128 , 130, 129 , 
131, 10 , 132, 133 , 241, 132 , 134, 133 , 135, 134 , 136, 135 
, 137, 136 , 348, 137 , 139, 138 , 140, 90 , 141, 140 , 142, 
141 , 143, 142 , 144, 143 , 145, 144 , 146, 145 , 147, 148 , 
375, 52 , 147, 148 , 339, 149 , 151, 152 , 271, 153 , 476, 152 
, 261, 4 , 32, 150 , 156, 155 , 458, 156 , 158, 157 , 159, 137 
, 158, 159 , 239, 160 , 162, 161 , 163, 162 , 164, 163 , 469, 
164 , 166, 165 , 167, 166 , 168, 167 , 169, 168 , 170, 169 , 
171, 172 , 339, 171 , 173, 172 , 174, 173 , 175, 174 , 176, 175 
, 177, 176 , 178, 177 , 179, 178 , 180, 179 , 255, 182 , 277, 
183 , 381, 182 , 184, 183 , 185, 184 , 186, 185 , 433, 186 , 
499, 187 , 340, 188 , 190, 189 , 191, 190 , 192, 115 , 191, 194 
, 314, 193 , 334, 123 , 194, 197 , 413, 198 , 310, 197 , 199, 
200 , 265, 201 , 371, 200 , 202, 203 , 381, 202 , 322, 205 , 
472, 204 , 206, 205 , 207, 206 , 346, 207 , 209, 204 , 448, 209 
, 211, 157 , 212, 211 , 213, 58 , 214, 213 , 215, 214 , 216, 
199 , 217, 216 , 218, 217 , 219, 218 , 220, 219 , 221, 24 , 
220, 62 , 223, 224 , 417, 223 , 225, 224 , 226, 227 , 407, 171 
, 362, 227 , 229, 228 , 230, 229 , 231, 230 , 232, 231 , 233, 
232 , 234, 233 , 235, 234 , 236, 235 , 237, 236 , 238, 239 , 
405, 227 , 238, 239 , 241, 240 , 242, 241 , 243, 19 , 244, 243 
, 245, 246 , 473, 245 , 247, 39 , 248, 247 , 249, 248 , 250, 
249 , 251, 250 , 291, 251 , 253, 252 , 254, 253 , 255, 174 , 
254, 255 , 257, 46 , 256, 257 , 259, 260 , 370, 259 , 261, 260 
, 262, 167 , 455, 192 , 264, 263 , 334, 264 , 266, 265 , 267, 
266 , 268, 267 , 269, 268 , 270, 269 , 478, 270 , 272, 271 , 
315, 272 , 274, 16 , 273, 67 , 443, 275 , 277, 3 , 276, 279 , 
447, 278 , 280, 279 , 281, 280 , 282, 281 , 283, 284 , 499, 283 
, 285, 284 , 286, 285 , 287, 264 , 288, 287 , 289, 290 , 401, 
177 , 289, 77 , 292, 291 , 293, 120 , 294, 293 , 295, 294 , 
296, 295 , 297, 296 , 298, 40 , 297, 150 , 298, 299 , 301, 300 
, 302, 301 , 303, 302 , 349, 247 , 303, 304 , 306, 153 , 307, 
306 , 308, 307 , 309, 308 , 310, 309 , 311, 310 , 312, 311 , 
313, 255 , 312, 315 , 399, 314 , 316, 315 , 317, 41 , 318, 317 
, 319, 318 , 320, 319 , 321, 236 , 322, 321 , 323, 324 , 438, 
111 , 323, 324 , 326, 325 , 327, 326 , 328, 92 , 327, 328 , 
330, 329 , 331, 330 , 332, 331 , 333, 284 , 334, 333 , 464, 266 
, 334, 335 , 337, 288 , 336, 337 , 339, 338 , 340, 163 , 296, 
340 , 342, 341 , 343, 48 , 342, 343 , 345, 344 , 346, 16 , 345, 
346 , 348, 323 , 347, 350 , 453, 68 , 351, 352 , 398, 351 , 
353, 296 , 352, 353 , 355, 354 , 356, 212 , 357, 356 , 358, 357 
, 359, 358 , 360, 359 , 361, 360 , 362, 361 , 363, 357 , 362, 
363 , 365, 364 , 366, 177 , 444, 256 , 368, 305 , 319, 368 , 
370, 369 , 371, 370 , 372, 371 , 373, 372 , 374, 263 , 375, 222 
, 374, 375 , 377, 376 , 389, 377 , 379, 378 , 380, 379 , 381, 
380 , 382, 352 , 381, 382 , 384, 383 , 385, 384 , 386, 69 , 
387, 102 , 386, 387 , 389, 388 , 390, 389 , 391, 390 , 392, 391 
, 393, 392 , 394, 393 , 395, 394 , 396, 395 , 397, 30 , 398, 84 
, 397, 38 , 400, 399 , 401, 400 , 402, 401 , 403, 402 , 404, 
403 , 405, 258 , 406, 255 , 407, 406 , 408, 407 , 409, 408 , 
410, 409 , 411, 210 , 410, 275 , 411, 412 , 414, 413 , 415, 27 
, 414, 415 , 417, 416 , 418, 417 , 419, 297 , 418, 419 , 421, 
88 , 420, 145 , 423, 104 , 424, 423 , 425, 424 , 426, 1 , 427, 
356 , 428, 427 , 429, 320 , 430, 429 , 475, 430 , 432, 431 , 
433, 432 , 435, 29 , 435, 434 , 436, 435 , 437, 436 , 438, 143 
, 292, 438 , 440, 437 , 441, 440 , 442, 360 , 443, 442 , 444, 
443 , 445, 444 , 446, 445 , 447, 435 , 446, 447 , 449, 448 , 
450, 449 , 451, 450 , 452, 451 , 453, 123 , 452, 453 , 455, 454 
, 456, 221 , 455, 456 , 458, 457 , 459, 458 , 460, 459 , 461, 
158 , 460, 461 , 463, 462 , 464, 463 , 465, 464 , 466, 85 , 
465, 466 , 468, 130 , 469, 302 , 470, 469 , 471, 470 , 472, 471 
, 473, 472 , 474, 473 , 475, 227 , 476, 475 , 477, 476 , 478, 
477 , 479, 478 , 480, 479 , 481, 414 , 482, 91 , 399, 482 , 
484, 483 , 485, 484 , 486, 186 , 485, 168 , 486, 487 , 489, 488 
, 490, 91 , 491, 490 , 492, 491 , 493, 492 , 494, 73 , 495, 494 
, 496, 431 , 495, 496 , 498, 497 , 499, 498 , 500