1 , 2, 2 , 3, 3 , 4, 449 , 793, 5 , 6, 6 , 7, 7 , 8, 8 , 9, 9 
, 10, 10 , 11, 12 , 631, 12 , 13, 13 , 280, 14 , 15, 15 , 16, 
17 , 156, 17 , 18, 18 , 19, 329 , 860, 20 , 443, 22 , 825, 23 
, 391, 23 , 448, 24 , 25, 25 , 26, 26 , 27, 27 , 423, 28 , 29, 
30 , 959, 30 , 31, 31 , 32, 33 , 816, 33 , 34, 34 , 35, 35 , 
36, 36 , 37, 37 , 38, 39 , 332, 39 , 40, 40 , 991, 41 , 42, 42 
, 43, 43 , 44, 44 , 45, 45 , 46, 47 , 286, 48 , 59, 48 , 49, 
49 , 50, 50 , 51, 51 , 774, 52 , 53, 53 , 54, 54 , 55, 55 , 
815, 53 , 57, 57 , 58, 58 , 59, 59 , 670, 60 , 61, 62 , 699, 62 
, 63, 63 , 64, 64 , 65, 65 , 826, 66 , 67, 42 , 68, 68 , 69, 
69 , 70, 70 , 301, 72 , 243, 72 , 73, 64 , 74, 74 , 75, 75 , 
76, 76 , 77, 77 , 973, 78 , 79, 79 , 80, 80 , 81, 81 , 689, 82 
, 492, 83 , 84, 254 , 520, 85 , 86, 86 , 87, 87 , 88, 255 , 
745, 89 , 487, 90 , 91, 91 , 92, 93 , 498, 93 , 94, 94 , 95, 95 
, 96, 97 , 499, 97 , 98, 98 , 99, 99 , 920, 101 , 730, 101 , 
102, 102 , 274, 103 , 104, 104 , 105, 105 , 527, 106 , 107, 107 
, 108, 108 , 109, 109 , 110, 111 , 951, 111 , 286, 112 , 113, 
113 , 114, 114 , 115, 115 , 118, 116 , 117, 117 , 118, 118 , 
691, 119 , 249, 120 , 121, 122 , 654, 122 , 123, 123 , 124, 91 
, 306, 125 , 126, 126 , 127, 127 , 128, 128 , 129, 129 , 130, 
130 , 131, 131 , 132, 132 , 133, 133 , 134, 134 , 135, 135 , 
136, 136 , 137, 137 , 845, 138 , 139, 139 , 140, 140 , 730, 141 
, 142, 142 , 143, 144 , 719, 144 , 145, 145 , 146, 146 , 147, 
147 , 148, 148 , 149, 149 , 150, 150 , 367, 151 , 152, 152 , 
543, 153 , 154, 154 , 155, 155 , 156, 156 , 157, 157 , 158, 159 
, 978, 159 , 283, 160 , 161, 161 , 162, 162 , 163, 163 , 164, 
164 , 165, 165 , 166, 166 , 877, 319 , 434, 168 , 169, 170 , 
263, 170 , 171, 171 , 172, 172 , 173, 173 , 983, 174 , 175, 175 
, 176, 177 , 758, 177 , 178, 178 , 179, 179 , 568, 180 , 181, 
23 , 182, 182 , 906, 183 , 184, 185 , 222, 185 , 186, 186 , 
187, 187 , 558, 188 , 189, 189 , 190, 190 , 191, 191 , 192, 193 
, 381, 140 , 467, 194 , 195, 195 , 196, 196 , 197, 197 , 198, 
198 , 199, 199 , 200, 200 , 201, 201 , 335, 202 , 203, 203 , 
204, 204 , 205, 206 , 597, 206 , 207, 207 , 208, 208 , 209, 209 
, 210, 210 , 809, 211 , 212, 212 , 213, 213 , 214, 214 , 215, 
215 , 819, 216 , 217, 217 , 218, 218 , 219, 219 , 220, 220 , 
603, 221 , 222, 98 , 223, 224 , 238, 225 , 807, 225 , 226, 227 
, 490, 228 , 810, 228 , 229, 229 , 230, 231 , 671, 232 , 990, 
232 , 233, 89 , 233, 234 , 235, 235 , 236, 236 , 237, 237 , 
238, 335 , 467, 239 , 240, 240 , 241, 241 , 242, 191 , 242, 243 
, 244, 244 , 245, 191 , 246, 246 , 247, 247 , 248, 141 , 249, 
249 , 250, 251 , 649, 251 , 252, 162 , 252, 253 , 254, 254 , 
255, 378 , 504, 256 , 288, 187 , 257, 258 , 616, 259 , 260, 260 
, 261, 261 , 298, 262 , 263, 263 , 752, 264 , 265, 265 , 266, 
266 , 267, 267 , 268, 269 , 521, 269 , 543, 271 , 596, 271 , 
272, 272 , 469, 273 , 274, 274 , 275, 275 , 276, 276 , 277, 277 
, 613, 278 , 279, 200 , 279, 280 , 281, 282 , 413, 283 , 401, 
169 , 283, 284 , 285, 285 , 286, 286 , 287, 288 , 900, 288 , 
289, 289 , 646, 290 , 291, 291 , 292, 292 , 293, 293 , 294, 294 
, 295, 295 , 296, 32 , 296, 297 , 806, 298 , 299, 299 , 300, 
300 , 301, 301 , 302, 302 , 666, 303 , 304, 304 , 305, 305 , 
933, 306 , 800, 307 , 308, 308 , 866, 309 , 310, 311 , 487, 312 
, 874, 312 , 313, 313 , 314, 314 , 315, 315 , 316, 316 , 317, 
317 , 318, 318 , 319, 319 , 324, 320 , 321, 321 , 322, 322 , 
323, 323 , 324, 324 , 325, 326 , 852, 327 , 967, 327 , 328, 60 
, 328, 329 , 503, 330 , 331, 331 , 332, 35 , 103, 333 , 334, 
334 , 335, 335 , 879, 337 , 655, 710 , 728, 338 , 339, 339 , 
340, 340 , 341, 341 , 342, 342 , 343, 343 , 344, 344 , 345, 346 
, 940, 346 , 347, 347 , 782, 348 , 349, 349 , 350, 351 , 526, 
351 , 352, 46 , 352, 71 , 353, 354 , 613, 355 , 356, 356 , 357, 
357 , 358, 358 , 359, 359 , 360, 360 , 657, 361 , 362, 362 , 
697, 22 , 363, 364 , 365, 365 , 366, 366 , 367, 367 , 368, 368 
, 369, 369 , 370, 371 , 979, 102 , 372, 372 , 486, 352 , 373, 
316 , 375, 375 , 376, 376 , 377, 378 , 797, 378 , 379, 379 , 
380, 380 , 381, 381 , 382, 382 , 383, 383 , 384, 445 , 839, 385 
, 386, 386 , 387, 387 , 388, 388 , 389, 389 , 390, 390 , 391, 
391 , 392, 392 , 393, 393 , 394, 394 , 395, 321 , 395, 396 , 
824, 397 , 398, 78 , 398, 400 , 663, 400 , 401, 401 , 831, 628 
, 765, 403 , 404, 40 , 758, 405 , 664, 406 , 407, 407 , 408, 78 
, 408, 409 , 410, 410 , 411, 411 , 412, 412 , 413, 413 , 414, 
415 , 916, 416 , 993, 416 , 417, 418 , 432, 273 , 418, 408 , 
420, 181 , 420, 421 , 422, 197 , 423, 423 , 424, 424 , 425, 425 
, 426, 426 , 427, 427 , 428, 428 , 429, 429 , 430, 430 , 431, 
431 , 432, 432 , 433, 433 , 434, 434 , 435, 435 , 436, 436 , 
437, 437 , 438, 438 , 439, 439 , 440, 440 , 796, 441 , 442, 442 
, 443, 241 , 443, 103 , 445, 446 , 472, 447 , 800, 447 , 448, 
444 , 449, 449 , 450, 440 , 451, 451 , 452, 452 , 453, 453 , 
479, 454 , 455, 455 , 456, 456 , 651, 457 , 970, 458 , 459, 459 
, 460, 460 , 990, 461 , 462, 462 , 463, 463 , 464, 465 , 626, 
465 , 466, 466 , 467, 467 , 468, 469 , 859, 239 , 470, 470 , 
471, 471 , 472, 472 , 473, 473 , 983, 474 , 475, 265 , 392, 476 
, 477, 477 , 697, 478 , 479, 479 , 480, 480 , 481, 481 , 612, 
16 , 483, 483 , 484, 484 , 485, 485 , 486, 174 , 487, 488 , 
498, 488 , 489, 490 , 968, 490 , 491, 448 , 491, 492 , 493, 493 
, 494, 494 , 495, 495 , 496, 496 , 497, 25 , 497, 498 , 499, 
499 , 500, 500 , 501, 501 , 502, 502 , 503, 503 , 504, 504 , 
505, 505 , 506, 506 , 507, 507 , 508, 508 , 509, 509 , 510, 510 
, 516, 511 , 512, 513 , 854, 513 , 514, 449 , 514, 515 , 516, 
516 , 517, 774 , 969, 518 , 519, 519 , 520, 520 , 521, 521 , 
522, 522 , 523, 524 , 711, 524 , 525, 525 , 526, 527 , 937, 527 
, 528, 529 , 614, 529 , 530, 530 , 531, 531 , 532, 163 , 532, 
533 , 534, 534 , 535, 535 , 536, 536 , 964, 537 , 538, 538 , 
539, 539 , 540, 540 , 541, 541 , 542, 542 , 864, 543 , 544, 544 
, 545, 434 , 546, 546 , 547, 416 , 547, 134 , 549, 549 , 550, 
270 , 892, 552 , 608, 552 , 553, 554 , 945, 554 , 555, 555 , 
556, 345 , 556, 557 , 558, 558 , 559, 559 , 560, 560 , 561, 382 
, 562, 562 , 983, 340 , 564, 564 , 565, 524 , 565, 566 , 567, 
567 , 568, 568 , 848, 569 , 570, 217 , 514, 571 , 572, 572 , 
573, 573 , 574, 358 , 574, 575 , 576, 576 , 752, 577 , 677, 578 
, 579, 579 , 580, 581 , 971, 581 , 582, 583 , 679, 119 , 583, 
584 , 585, 173 , 586, 586 , 587, 198 , 587, 588 , 589, 33 , 
589, 590 , 591, 591 , 592, 592 , 593, 593 , 594, 93 , 117, 596 
, 690, 596 , 597, 598 , 763, 598 , 901, 158 , 599, 390 , 600, 
601 , 602, 441 , 514, 603 , 985, 604 , 605, 605 , 606, 38 , 
607, 415 , 608, 171 , 609, 609 , 970, 610 , 611, 612 , 870, 612 
, 613, 613 , 614, 614 , 615, 615 , 616, 616 , 617, 617 , 618, 
163 , 619, 619 , 620, 406 , 620, 419 , 622, 622 , 623, 623 , 
624, 624 , 625, 625 , 626, 626 , 627, 627 , 921, 629 , 805, 629 
, 630, 630 , 631, 631 , 870, 632 , 633, 633 , 634, 635 , 762, 
635 , 636, 636 , 637, 637 , 638, 638 , 639, 639 , 640, 640 , 
641, 641 , 642, 517 , 643, 644 , 723, 644 , 645, 645 , 646, 646 
, 647, 647 , 648, 648 , 649, 649 , 650, 650 , 651, 651 , 652, 
653 , 820, 409 , 653, 654 , 655, 655 , 656, 656 , 657, 302 , 
657, 658 , 659, 659 , 660, 660 , 661, 661 , 662, 229 , 663, 663 
, 664, 664 , 665, 665 , 666, 666 , 667, 667 , 668, 668 , 669, 
669 , 670, 670 , 671, 671 , 942, 280 , 672, 673 , 674, 674 , 
675, 500 , 676, 676 , 677, 385 , 678, 58 , 678, 175 , 680, 680 
, 681, 354 , 682, 72 , 682, 154 , 683, 684 , 685, 685 , 686, 
686 , 687, 687 , 688, 689 , 983, 690 , 926, 690 , 691, 691 , 
692, 692 , 693, 693 , 694, 694 , 695, 696 , 729, 146 , 697, 697 
, 698, 698 , 699, 699 , 715, 173 , 700, 701 , 702, 703 , 707, 
400 , 704, 705 , 923, 705 , 706, 331 , 706, 707 , 708, 62 , 
835, 709 , 710, 710 , 711, 711 , 766, 537 , 712, 714 , 814, 714 
, 715, 715 , 716, 716 , 717, 717 , 949, 718 , 719, 719 , 720, 
721 , 929, 721 , 722, 516 , 723, 615 , 723, 724 , 725, 725 , 
726, 726 , 727, 727 , 728, 728 , 729, 729 , 730, 730 , 731, 731 
, 732, 732 , 733, 733 , 734, 734 , 735, 500 , 736, 274 , 581, 
737 , 738, 738 , 739, 739 , 981, 740 , 741, 741 , 742, 742 , 
743, 743 , 744, 559 , 744, 251 , 746, 746 , 747, 747 , 748, 748 
, 749, 704 , 750, 750 , 751, 751 , 752, 593 , 752, 12 , 753, 
754 , 755, 565 , 755, 756 , 757, 165 , 829, 758 , 759, 110 , 
760, 488 , 760, 761 , 762, 762 , 763, 763 , 764, 764 , 765, 765 
, 766, 766 , 767, 767 , 768, 199 , 769, 769 , 770, 202 , 351, 
447 , 771, 772 , 773, 773 , 774, 774 , 775, 775 , 776, 776 , 
777, 777 , 778, 778 , 779, 779 , 780, 214 , 781, 376 , 781, 782 
, 783, 478 , 556, 602 , 785, 785 , 786, 786 , 787, 787 , 788, 
788 , 789, 789 , 790, 790 , 791, 791 , 792, 792 , 793, 793 , 
794, 794 , 886, 795 , 796, 796 , 797, 797 , 798, 188 , 799, 800 
, 848, 800 , 801, 801 , 861, 102 , 803, 803 , 804, 216 , 804, 
805 , 806, 39 , 806, 807 , 808, 808 , 809, 809 , 810, 810 , 
811, 811 , 812, 167 , 758, 813 , 814, 430 , 484, 815 , 816, 817 
, 975, 817 , 836, 818 , 819, 819 , 820, 820 , 821, 446 , 822, 
245 , 823, 823 , 824, 824 , 825, 825 , 925, 130 , 709, 827 , 
828, 152 , 828, 829 , 830, 258 , 830, 831 , 832, 832 , 833, 833 
, 834, 834 , 835, 835 , 836, 417 , 836, 838 , 892, 838 , 839, 
839 , 840, 840 , 841, 841 , 842, 842 , 843, 832 , 843, 83 , 
845, 845 , 846, 846 , 847, 527 , 848, 848 , 849, 183 , 850, 850 
, 926, 851 , 852, 852 , 853, 605 , 854, 854 , 855, 855 , 856, 
856 , 857, 659 , 857, 858 , 859, 859 , 860, 860 , 861, 861 , 
862, 862 , 863, 863 , 971, 864 , 927, 865 , 866, 866 , 867, 867 
, 868, 79 , 868, 869 , 870, 870 , 871, 627 , 871, 872 , 873, 
443 , 873, 874 , 875, 875 , 876, 157 , 877, 877 , 878, 878 , 
879, 442 , 880, 786 , 880, 78 , 882, 56 , 883, 178 , 884, 884 , 
885, 885 , 886, 76 , 886, 887 , 888, 888 , 889, 889 , 890, 890 
, 891, 566 , 891, 892 , 893, 474 , 894, 894 , 895, 895 , 896, 
896 , 897, 897 , 975, 898 , 899, 899 , 900, 278 , 900, 901 , 
902, 902 , 903, 903 , 904, 367 , 905, 905 , 906, 906 , 936, 907 
, 908, 908 , 909, 909 , 910, 319 , 911, 911 , 912, 912 , 913, 
913 , 914, 914 , 915, 915 , 916, 41 , 907, 596 , 918, 226 , 
918, 919 , 920, 920 , 962, 921 , 922, 922 , 923, 805 , 923, 924 
, 925, 925 , 926, 926 , 927, 927 , 928, 928 , 929, 453 , 930, 
930 , 931, 931 , 932, 932 , 933, 933 , 934, 135 , 472, 935 , 
936, 936 , 937, 937 , 938, 938 , 939, 939 , 940, 941 , 948, 942 
, 996, 942 , 985, 943 , 944, 286 , 944, 945 , 946, 946 , 953, 
947 , 948, 948 , 949, 766 , 950, 950 , 951, 951 , 952, 542 , 
953, 953 , 954, 954 , 955, 955 , 956, 956 , 957, 957 , 958, 958 
, 959, 959 , 960, 960 , 961, 961 , 962, 962 , 963, 963 , 964, 
964 , 965, 532 , 659, 523 , 829, 967 , 968, 432 , 969, 969 , 
970, 970 , 971, 909 , 971, 972 , 973, 973 , 974, 974 , 975, 663 
, 976, 976 , 977, 205 , 998, 978 , 979, 979 , 980, 980 , 981, 
981 , 982, 982 , 983, 26 , 102, 984 , 985, 985 , 986, 986 , 
987, 333 , 988, 988 , 989, 989 , 990, 990 , 991, 991 , 992, 992 
, 993, 507 , 994, 994 , 995, 995 , 996, 224 , 996, 997 , 998, 
998 , 999, 155 , 1000, 1 , 1000, 1 , 599, 1 , 999, 2 , 1000, 2 
, 4, 3 , 5, 4 , 6, 5 , 66, 6 , 8, 7 , 9, 8 , 10, 9 , 11, 10 
, 12, 11 , 13, 12 , 14, 13 , 426, 14 , 867, 15 , 17, 16 , 18, 
17 , 19, 18 , 20, 19 , 21, 20 , 22, 21 , 23, 22 , 24, 23 , 25, 
24 , 26, 25 , 27, 26 , 28, 27 , 197, 27 , 30, 29 , 617, 30 , 
824, 31 , 33, 32 , 895, 171 , 413, 34 , 36, 37 , 219, 36 , 38, 
37 , 39, 38 , 40, 39 , 911, 40 , 42, 41 , 43, 42 , 44, 43 , 
45, 94 , 662, 45 , 701, 46 , 94, 47 , 49, 48 , 179, 51 , 812, 
50 , 52, 51 , 477, 52 , 54, 53 , 119, 54 , 910, 49 , 55, 56 , 
58, 57 , 808, 60 , 132, 59 , 61, 60 , 206, 61 , 63, 62 , 64, 63 
, 510, 312 , 879, 65 , 791, 66 , 921, 67 , 69, 68 , 273, 69 , 
953, 70 , 72, 71 , 73, 74 , 973, 73 , 75, 184 , 850, 77 , 164, 
76 , 78, 77 , 79, 78 , 80, 79 , 81, 82 , 225, 81 , 789, 82 , 
84, 83 , 85, 84 , 86, 85 , 87, 86 , 88, 87 , 89, 88 , 90, 13 , 
91, 90 , 925, 93 , 815, 92 , 94, 93 , 95, 94 , 96, 95 , 97, 96 
, 98, 97 , 448, 98 , 100, 99 , 101, 100 , 102, 101 , 103, 104 
, 213, 103 , 105, 104 , 899, 105 , 107, 108 , 749, 107 , 109, 
108 , 110, 109 , 111, 110 , 112, 111 , 497, 112 , 114, 113 , 
115, 114 , 116, 115 , 117, 116 , 118, 29 , 119, 120 , 972, 119 
, 869, 120 , 122, 121 , 123, 122 , 124, 123 , 125, 69 , 126, 
125 , 127, 126 , 128, 536 , 885, 128 , 130, 131 , 457, 132 , 
520, 59 , 131, 132 , 134, 133 , 135, 134 , 136, 135 , 137, 136 
, 914, 137 , 485, 138 , 846, 141 , 318, 140 , 254, 141 , 143, 
142 , 144, 143 , 145, 584 , 937, 145 , 150, 146 , 148, 147 , 
149, 148 , 150, 149 , 151, 150 , 866, 151 , 153, 152 , 449, 153 
, 155, 154 , 156, 155 , 157, 156 , 158, 159 , 291, 158 , 160, 
159 , 161, 160 , 162, 161 , 163, 162 , 164, 3 , 165, 164 , 166, 
165 , 167, 166 , 168, 167 , 169, 168 , 170, 169 , 171, 170 , 
172, 171 , 977, 172 , 174, 173 , 175, 174 , 176, 175 , 177, 178 
, 487, 177 , 821, 178 , 994, 179 , 181, 180 , 182, 181 , 183, 
182 , 184, 183 , 185, 184 , 186, 132 , 273, 186 , 188, 187 , 
189, 188 , 190, 191 , 586, 190 , 192, 191 , 581, 192 , 194, 193 
, 195, 194 , 196, 195 , 617, 103 , 198, 199 , 903, 198 , 200, 
199 , 201, 200 , 202, 201 , 203, 202 , 204, 203 , 205, 204 , 
206, 23 , 207, 206 , 828, 207 , 931, 208 , 256, 209 , 211, 212 
, 535, 211 , 213, 212 , 214, 213 , 215, 214 , 216, 215 , 217, 
216 , 218, 217 , 219, 218 , 220, 206 , 219, 220 , 222, 221 , 
223, 222 , 224, 223 , 225, 224 , 226, 225 , 579, 226 , 228, 227 
, 229, 228 , 230, 229 , 231, 230 , 232, 231 , 233, 232 , 234, 
235 , 862, 234 , 236, 237 , 365, 236 , 591, 239 , 322, 240 , 
942, 239 , 241, 240 , 242, 241 , 243, 244 , 536, 243 , 245, 244 
, 246, 245 , 979, 248 , 788, 247 , 249, 248 , 250, 152 , 251, 
250 , 252, 251 , 253, 143 , 254, 253 , 255, 254 , 256, 257 , 
628, 256 , 258, 257 , 259, 35 , 260, 80 , 682, 260 , 262, 263 , 
449, 262 , 264, 263 , 265, 264 , 266, 265 , 267, 268 , 792, 267 
, 269, 268 , 270, 269 , 271, 270 , 272, 271 , 273, 262 , 272, 
273 , 275, 274 , 276, 275 , 277, 276 , 465, 10 , 277, 125 , 
278, 281 , 875, 282 , 373, 157 , 281, 282 , 284, 283 , 906, 284 
, 286, 285 , 287, 286 , 288, 287 , 742, 288 , 290, 289 , 291, 
290 , 292, 293 , 585, 179 , 763, 293 , 295, 294 , 296, 295 , 
297, 296 , 298, 297 , 399, 298 , 300, 36 , 299, 300 , 302, 301 
, 303, 302 , 922, 747 , 945, 304 , 306, 161 , 307, 306 , 308, 
309 , 957, 308 , 606, 311 , 840, 310 , 312, 313 , 927, 312 , 
485, 313 , 315, 314 , 316, 315 , 317, 316 , 318, 317 , 319, 318 
, 320, 319 , 321, 320 , 322, 321 , 323, 322 , 976, 323 , 325, 
324 , 326, 327 , 849, 326 , 693, 327 , 329, 328 , 410, 329 , 
331, 330 , 332, 331 , 333, 332 , 334, 333 , 335, 334 , 336, 335 
, 337, 338 , 526, 337 , 554, 338 , 340, 339 , 341, 340 , 342, 
341 , 343, 342 , 344, 343 , 345, 344 , 940, 345 , 347, 346 , 
348, 347 , 349, 348 , 350, 349 , 351, 350 , 352, 83 , 353, 352 
, 354, 353 , 355, 354 , 356, 355 , 357, 356 , 358, 357 , 359, 
360 , 831, 216 , 361, 438 , 934, 118 , 363, 324 , 364, 363 , 
365, 366 , 986, 367 , 861, 366 , 368, 369 , 433, 368 , 619, 369 
, 371, 370 , 372, 371 , 373, 372 , 374, 373 , 375, 374 , 724, 
375 , 377, 378 , 792, 377 , 379, 378 , 380, 379 , 381, 380 , 
686, 381 , 383, 382 , 384, 383 , 385, 384 , 386, 385 , 854, 386 
, 615, 387 , 389, 221 , 390, 391 , 939, 390 , 392, 391 , 393, 
392 , 394, 393 , 395, 136 , 396, 395 , 397, 396 , 398, 397 , 
700, 398 , 400, 399 , 401, 400 , 402, 401 , 403, 402 , 404, 405 
, 603, 406 , 915, 405 , 407, 406 , 408, 407 , 522, 131 , 410, 
409 , 411, 410 , 412, 411 , 413, 412 , 414, 3 , 413, 414 , 416, 
415 , 848, 416 , 418, 417 , 419, 418 , 420, 419 , 421, 420 , 
422, 421 , 423, 422 , 424, 423 , 832, 424 , 426, 425 , 427, 746 
, 976, 427 , 429, 428 , 501, 429 , 431, 430 , 432, 431 , 433, 
432 , 434, 433 , 435, 434 , 436, 435 , 437, 436 , 593, 98 , 
437, 438 , 440, 439 , 441, 189 , 442, 441 , 443, 442 , 444, 443 
, 445, 444 , 446, 445 , 447, 446 , 448, 660 , 818, 448 , 450, 
449 , 451, 450 , 452, 451 , 453, 452 , 454, 453 , 455, 454 , 
456, 394 , 457, 456 , 955, 457 , 459, 458 , 896, 459 , 461, 460 
, 462, 461 , 463, 462 , 606, 463 , 465, 464 , 466, 467 , 702, 
466 , 468, 467 , 469, 468 , 470, 81 , 371, 470 , 472, 471 , 
473, 185 , 474, 473 , 475, 474 , 476, 475 , 477, 476 , 478, 477 
, 479, 478 , 528, 479 , 881, 480 , 482, 481 , 483, 482 , 484, 
483 , 934, 484 , 486, 487 , 682, 486 , 488, 487 , 489, 488 , 
490, 489 , 491, 490 , 982, 491 , 493, 494 , 688, 493 , 495, 494 
, 496, 495 , 497, 498 , 836, 499 , 676, 498 , 500, 499 , 501, 
500 , 502, 501 , 503, 502 , 504, 188 , 505, 504 , 577, 505 , 
507, 506 , 508, 507 , 509, 508 , 510, 511 , 840, 510 , 512, 511 
, 513, 442 , 514, 513 , 515, 514 , 516, 515 , 517, 516 , 518, 
517 , 519, 520 , 629, 519 , 521, 351 , 520, 732 , 777, 522 , 
949, 525 , 580, 524 , 526, 525 , 527, 526 , 528, 305 , 707, 528 
, 644, 529 , 531, 530 , 532, 531 , 533, 522 , 534, 533 , 535, 
534 , 536, 537 , 669, 536 , 538, 299 , 316, 172 , 540, 541 , 
851, 540 , 542, 543 , 831, 542 , 544, 543 , 545, 284 , 544, 545 
, 547, 546 , 548, 547 , 549, 548 , 550, 246 , 551, 152 , 550, 
551 , 553, 552 , 554, 553 , 555, 554 , 617, 555 , 557, 556 , 
558, 557 , 559, 558 , 560, 559 , 561, 398 , 562, 561 , 563, 55 
, 564, 563 , 565, 392 , 564, 565 , 567, 566 , 568, 567 , 569, 
568 , 570, 418 , 908, 570 , 572, 571 , 573, 572 , 574, 89 , 
575, 474 , 544, 345 , 745, 319 , 576, 577 , 579, 180 , 699, 579 
, 581, 580 , 582, 581 , 583, 582 , 584, 405 , 585, 584 , 586, 
587 , 953, 586 , 588, 587 , 840, 588 , 590, 140 , 591, 590 , 
592, 591 , 593, 592 , 594, 593 , 595, 594 , 596, 549 , 597, 596 
, 736, 597 , 599, 600 , 773, 599 , 601, 600 , 602, 487 , 603, 
602 , 604, 603 , 605, 606 , 926, 605 , 607, 606 , 608, 607 , 
609, 284 , 610, 58 , 609, 610 , 612, 611 , 613, 612 , 614, 613 
, 615, 614 , 616, 151 , 615, 616 , 618, 617 , 619, 584 , 618, 
619 , 621, 620 , 622, 621 , 623, 13 , 624, 623 , 625, 567 , 
626, 625 , 627, 626 , 628, 627 , 786, 628 , 630, 629 , 631, 630 
, 632, 631 , 633, 632 , 634, 633 , 914, 63 , 797, 635 , 637, 17 
, 890, 234 , 639, 638 , 640, 639 , 641, 126 , 642, 361 , 643, 
642 , 644, 643 , 645, 644 , 646, 645 , 647, 646 , 648, 154 , 
649, 72 , 650, 649 , 651, 650 , 823, 651 , 653, 151 , 654, 653 
, 655, 654 , 656, 655 , 657, 656 , 658, 71 , 657, 660 , 991, 
659 , 661, 660 , 662, 307 , 663, 662 , 664, 665 , 715, 664 , 
666, 491 , 665, 430 , 668, 667 , 669, 668 , 802, 669 , 671, 672 
, 962, 671 , 673, 672 , 674, 673 , 675, 674 , 676, 444 , 677, 
676 , 678, 146 , 679, 678 , 680, 679 , 681, 680 , 739, 681 , 
683, 682 , 684, 683 , 685, 684 , 686, 76 , 687, 686 , 688, 689 
, 887, 575 , 690, 689 , 691, 690 , 700, 109 , 227, 36 , 694, 
695 , 722, 696 , 826, 223 , 697, 696 , 698, 697 , 699, 698 , 
700, 699 , 701, 700 , 702, 701 , 720, 599 , 702, 703 , 705, 704 
, 706, 707 , 787, 706 , 913, 374 , 709, 708 , 710, 436 , 711, 
710 , 712, 711 , 713, 712 , 714, 713 , 715, 714 , 716, 715 , 
717, 716 , 718, 191 , 264, 108 , 720, 719 , 721, 720 , 722, 721 
, 723, 722 , 724, 517 , 723, 726 , 941, 725 , 727, 726 , 969, 
727 , 729, 728 , 730, 729 , 731, 730 , 732, 731 , 733, 732 , 
734, 733 , 735, 734 , 736, 368 , 737, 736 , 738, 737 , 739, 738 
, 740, 739 , 910, 742 , 806, 383 , 794, 533 , 744, 745 , 835, 
744 , 746, 745 , 747, 3 , 746, 747 , 749, 748 , 750, 749 , 751, 
750 , 752, 751 , 753, 752 , 754, 541 , 755, 327 , 756, 755 , 
757, 756 , 758, 757 , 759, 578 , 758, 458 , 761, 760 , 762, 761 
, 763, 762 , 764, 234 , 765, 764 , 766, 765 , 767, 145 , 768, 
769 , 940, 768 , 770, 769 , 771, 770 , 772, 771 , 773, 623 , 
772, 773 , 775, 774 , 776, 775 , 777, 776 , 778, 679 , 777, 778 
, 780, 779 , 781, 374 , 782, 781 , 783, 782 , 784, 497 , 533, 
784 , 786, 317 , 813, 786 , 788, 789 , 974, 866 , 892, 789 , 
791, 790 , 792, 72 , 793, 792 , 794, 511 , 793, 794 , 796, 241 
, 797, 796 , 798, 33 , 98, 129 , 798, 701 , 799, 800 , 802, 801 
, 803, 794 , 802, 803 , 805, 804 , 806, 805 , 807, 531 , 808, 
807 , 851, 808 , 810, 659 , 811, 775 , 810, 811 , 813, 640 , 
812, 813 , 815, 816 , 886, 817 , 957, 40 , 816, 817 , 819, 818 
, 820, 819 , 821, 820 , 822, 821 , 823, 822 , 824, 823 , 825, 
265 , 826, 74 , 825, 826 , 828, 606 , 827, 16 , 828, 20 , 829, 
830 , 832, 430 , 653, 832 , 834, 94 , 835, 834 , 836, 835 , 
837, 836 , 838, 837 , 839, 838 , 840, 839 , 841, 840 , 842, 841 
, 843, 842 , 844, 843 , 845, 844 , 846, 845 , 847, 846 , 848, 
847 , 849, 848 , 850, 649 , 851, 850 , 852, 721 , 853, 852 , 
854, 626 , 855, 854 , 856, 357 , 826, 858 , 866, 857 , 859, 858 
, 860, 499 , 859, 767 , 862, 861 , 863, 119 , 862, 863 , 865, 
373 , 866, 865 , 867, 559 , 866, 532 , 947, 868 , 870, 869 , 
871, 870 , 872, 871 , 873, 872 , 874, 873 , 875, 172 , 874, 875 
, 877, 876 , 878, 877 , 879, 878 , 880, 879 , 881, 880 , 882, 
881 , 883, 213 , 884, 883 , 885, 884 , 886, 885 , 887, 363 , 
886, 863 , 887, 448 , 890, 725 , 903, 890 , 892, 891 , 893, 649 
, 892, 893 , 895, 128 , 896, 895 , 897, 896 , 898, 897 , 899, 
898 , 900, 899 , 901, 900 , 902, 901 , 903, 115 , 904, 903 , 
905, 904 , 906, 905 , 907, 685 , 906, 907 , 909, 908 , 910, 271 
, 531, 910 , 912, 911 , 913, 912 , 914, 913 , 915, 914 , 916, 
76 , 915, 25 , 819, 917 , 919, 918 , 920, 919 , 921, 920 , 922, 
921 , 923, 922 , 924, 923 , 925, 545 , 926, 925 , 927, 591 , 
926, 927 , 929, 928 , 930, 929 , 931, 615 , 932, 931 , 933, 93 
, 934, 933 , 935, 934 , 936, 716 , 937, 936 , 938, 83 , 939, 
326 , 940, 939 , 1000, 908 , 942, 941 , 943, 942 , 944, 832 , 
945, 494 , 946, 945 , 947, 946 , 948, 947 , 949, 948 , 950, 949 
, 951, 950 , 952, 951 , 953, 286 , 954, 802 , 953, 954 , 956, 
955 , 957, 829 , 958, 957 , 959, 422 , 960, 959 , 961, 960 , 
962, 961 , 963, 962 , 964, 963 , 965, 964 , 966, 798 , 965, 143 
, 966, 967 , 969, 135 , 970, 969 , 971, 970 , 972, 565 , 971, 
972 , 974, 973 , 975, 751 , 976, 857 , 977, 976 , 978, 172 , 
977, 978 , 980, 979 , 981, 980 , 982, 490 , 981, 982 , 984, 983 
, 985, 984 , 986, 339 , 987, 986 , 988, 987 , 989, 600 , 988, 
372 , 592, 990 , 992, 991 , 993, 992 , 994, 233 , 993, 994 , 
996, 348 , 613, 996 , 998, 997 , 999, 998 , 1000