1 , 56, 1 , 272, 1 , 280, 1 , 577, 1 , 633, 2 , 172, 2 , 566, 
2 , 611, 2 , 856, 2 , 986, 3 , 118, 3 , 350, 3 , 477, 3 , 796, 
3 , 980, 4 , 21, 4 , 260, 4 , 306, 4 , 310, 4 , 963, 5 , 33, 5 
, 206, 5 , 243, 5 , 879, 5 , 887, 6 , 41, 6 , 439, 6 , 494, 6 
, 615, 6 , 685, 7 , 65, 7 , 96, 7 , 338, 7 , 398, 7 , 962, 8 
, 98, 8 , 275, 8 , 636, 8 , 643, 8 , 777, 9 , 20, 9 , 198, 9 
, 281, 9 , 483, 9 , 815, 10 , 132, 10 , 181, 10 , 722, 10 , 
903, 10 , 956, 11 , 196, 11 , 420, 11 , 421, 11 , 753, 11 , 
816, 12 , 137, 12 , 482, 12 , 734, 12 , 785, 12 , 993, 13 , 65, 
13 , 194, 13 , 536, 13 , 617, 13 , 799, 14 , 150, 14 , 329, 14 
, 402, 14 , 433, 14 , 498, 15 , 230, 15 , 304, 15 , 470, 15 , 
548, 15 , 982, 16 , 408, 16 , 476, 16 , 477, 16 , 603, 16 , 
877, 17 , 256, 17 , 431, 17 , 523, 17 , 831, 17 , 955, 18 , 
159, 18 , 318, 18 , 597, 18 , 647, 18 , 905, 19 , 305, 19 , 
470, 19 , 551, 19 , 675, 19 , 961, 20 , 562, 20 , 659, 20 , 
666, 20 , 691, 21 , 70, 21 , 457, 21 , 566, 21 , 742, 22 , 507, 
22 , 536, 22 , 547, 22 , 666, 22 , 717, 23 , 185, 23 , 245, 23 
, 684, 23 , 747, 23 , 931, 24 , 64, 24 , 206, 24 , 314, 24 , 
572, 24 , 729, 25 , 285, 25 , 438, 25 , 616, 25 , 682, 25 , 
893, 26 , 28, 26 , 154, 26 , 620, 26 , 902, 26 , 998, 27 , 203, 
27 , 208, 27 , 216, 27 , 834, 27 , 967, 28 , 97, 28 , 702, 28 
, 727, 28 , 874, 29 , 56, 29 , 249, 29 , 254, 29 , 531, 29 , 
664, 30 , 155, 30 , 512, 30 , 549, 30 , 722, 30 , 844, 31 , 
104, 31 , 268, 31 , 340, 31 , 564, 31 , 660, 32 , 38, 32 , 68, 
32 , 229, 32 , 262, 32 , 392, 33 , 216, 33 , 526, 33 , 739, 33 
, 952, 34 , 78, 34 , 170, 34 , 544, 34 , 704, 34 , 769, 35 , 
63, 35 , 272, 35 , 323, 35 , 490, 35 , 668, 36 , 50, 36 , 284, 
36 , 429, 36 , 984, 36 , 992, 37 , 67, 37 , 248, 37 , 516, 37 
, 760, 37 , 931, 38 , 350, 38 , 678, 38 , 751, 38 , 797, 39 , 
76, 39 , 261, 39 , 299, 39 , 396, 39 , 874, 40 , 182, 40 , 423, 
40 , 668, 40 , 700, 40 , 821, 41 , 51, 41 , 486, 41 , 745, 41 
, 961, 42 , 220, 42 , 452, 42 , 476, 42 , 768, 42 , 827, 43 , 
77, 43 , 136, 43 , 140, 43 , 273, 43 , 432, 44 , 170, 44 , 175, 
44 , 223, 44 , 255, 44 , 946, 45 , 67, 45 , 147, 45 , 390, 45 
, 633, 45 , 949, 46 , 83, 46 , 385, 46 , 404, 46 , 580, 46 , 
691, 47 , 146, 47 , 212, 47 , 474, 47 , 764, 47 , 965, 48 , 
479, 48 , 811, 48 , 875, 48 , 953, 48 , 966, 49 , 132, 49 , 
133, 49 , 456, 49 , 655, 49 , 741, 50 , 196, 50 , 578, 50 , 
788, 50 , 789, 51 , 181, 51 , 571, 51 , 661, 51 , 987, 52 , 
197, 52 , 732, 52 , 758, 52 , 864, 52 , 911, 53 , 193, 53 , 
207, 53 , 287, 53 , 351, 53 , 910, 54 , 83, 54 , 253, 54 , 552, 
54 , 791, 54 , 942, 55 , 75, 55 , 215, 55 , 599, 55 , 633, 55 
, 914, 56 , 90, 56 , 734, 56 , 743, 57 , 106, 57 , 223, 57 , 
304, 57 , 330, 57 , 861, 58 , 197, 58 , 241, 58 , 279, 58 , 
283, 58 , 618, 59 , 151, 59 , 193, 59 , 482, 59 , 777, 59 , 
987, 60 , 105, 60 , 360, 60 , 372, 60 , 783, 60 , 933, 61 , 62, 
61 , 149, 61 , 369, 61 , 448, 61 , 459, 62 , 311, 62 , 621, 62 
, 624, 62 , 677, 63 , 193, 63 , 723, 63 , 833, 63 , 893, 64 , 
123, 64 , 294, 64 , 376, 64 , 984, 65 , 74, 65 , 331, 65 , 673, 
66 , 138, 66 , 287, 66 , 575, 66 , 588, 66 , 911, 67 , 406, 67 
, 452, 67 , 786, 68 , 183, 68 , 243, 68 , 419, 68 , 559, 69 , 
444, 69 , 467, 69 , 475, 69 , 658, 69 , 754, 70 , 483, 70 , 
539, 70 , 604, 70 , 960, 71 , 327, 71 , 363, 71 , 761, 71 , 
860, 71 , 865, 72 , 381, 72 , 633, 72 , 774, 72 , 836, 72 , 
917, 73 , 245, 73 , 443, 73 , 499, 73 , 681, 73 , 960, 74 , 
133, 74 , 286, 74 , 565, 74 , 855, 75 , 80, 75 , 266, 75 , 322, 
75 , 753, 76 , 601, 76 , 981, 76 , 991, 76 , 996, 77 , 88, 77 
, 188, 77 , 373, 77 , 996, 78 , 102, 78 , 440, 78 , 904, 78 , 
969, 79 , 152, 79 , 507, 79 , 529, 79 , 540, 79 , 620, 80 , 
122, 80 , 841, 80 , 873, 80 , 905, 81 , 93, 81 , 286, 81 , 324, 
81 , 717, 81 , 770, 82 , 238, 82 , 604, 82 , 743, 82 , 858, 82 
, 886, 83 , 268, 83 , 321, 83 , 657, 84 , 173, 84 , 328, 84 , 
374, 84 , 469, 84 , 483, 85 , 124, 85 , 308, 85 , 647, 85 , 
735, 85 , 938, 86 , 217, 86 , 502, 86 , 602, 86 , 799, 86 , 
927, 87 , 388, 87 , 726, 87 , 843, 87 , 858, 87 , 899, 88 , 
222, 88 , 321, 88 , 451, 88 , 557, 89 , 237, 89 , 280, 89 , 
389, 89 , 490, 89 , 903, 90 , 214, 90 , 291, 90 , 705, 90 , 
839, 91 , 314, 91 , 605, 91 , 833, 91 , 850, 91 , 993, 92 , 
210, 92 , 615, 92 , 749, 92 , 769, 92 , 855, 93 , 245, 93 , 
580, 93 , 727, 93 , 962, 94 , 225, 94 , 523, 94 , 592, 94 , 
734, 94 , 885, 95 , 380, 95 , 838, 95 , 899, 95 , 911, 95 , 
952, 96 , 202, 96 , 663, 96 , 670, 96 , 924, 97 , 406, 97 , 
605, 97 , 719, 97 , 897, 98 , 309, 98 , 373, 98 , 585, 98 , 
864, 99 , 304, 99 , 348, 99 , 518, 99 , 528, 99 , 583, 100 , 
176, 100 , 231, 100 , 302, 100 , 919, 100 , 964, 101 , 572, 101 
, 618, 101 , 808, 101 , 968, 101 , 975, 102 , 171, 102 , 409, 
102 , 587, 102 , 625, 103 , 351, 103 , 393, 103 , 426, 103 , 
789, 103 , 980, 104 , 109, 104 , 607, 104 , 608, 104 , 698, 105 
, 487, 105 , 535, 105 , 608, 105 , 619, 106 , 338, 106 , 558, 
106 , 813, 106 , 930, 107 , 464, 107 , 526, 107 , 671, 107 , 
707, 107 , 862, 108 , 124, 108 , 270, 108 , 497, 108 , 522, 108 
, 576, 109 , 111, 109 , 307, 109 , 724, 109 , 815, 110 , 208, 
110 , 522, 110 , 542, 110 , 599, 110 , 644, 111 , 272, 111 , 
537, 111 , 688, 111 , 958, 112 , 341, 112 , 467, 112 , 564, 112 
, 601, 112 , 741, 113 , 152, 113 , 249, 113 , 260, 113 , 537, 
113 , 635, 114 , 325, 114 , 445, 114 , 447, 114 , 579, 114 , 
667, 115 , 140, 115 , 390, 115 , 710, 115 , 728, 115 , 906, 116 
, 279, 116 , 658, 116 , 737, 116 , 823, 116 , 826, 117 , 495, 
117 , 688, 117 , 701, 117 , 842, 117 , 918, 118 , 432, 118 , 
799, 118 , 841, 118 , 954, 119 , 218, 119 , 506, 119 , 673, 119 
, 719, 119 , 731, 120 , 242, 120 , 357, 120 , 361, 120 , 516, 
120 , 649, 121 , 152, 121 , 531, 121 , 709, 121 , 715, 121 , 
740, 122 , 144, 122 , 250, 122 , 555, 122 , 933, 123 , 327, 123 
, 636, 123 , 843, 123 , 960, 124 , 320, 124 , 908, 124 , 935, 
125 , 239, 125 , 395, 125 , 498, 125 , 520, 125 , 961, 126 , 
395, 126 , 410, 126 , 454, 126 , 757, 126 , 758, 127 , 234, 127 
, 263, 127 , 473, 127 , 553, 127 , 893, 128 , 193, 128 , 328, 
128 , 332, 128 , 806, 128 , 936, 129 , 465, 129 , 504, 129 , 
630, 129 , 669, 129 , 728, 130 , 155, 130 , 205, 130 , 225, 130 
, 947, 130 , 989, 131 , 164, 131 , 497, 131 , 535, 131 , 672, 
131 , 895, 132 , 251, 132 , 654, 132 , 745, 133 , 454, 133 , 
478, 133 , 647, 134 , 231, 134 , 465, 134 , 515, 134 , 786, 134 
, 867, 135 , 242, 135 , 640, 135 , 653, 135 , 810, 135 , 955, 
136 , 150, 136 , 168, 136 , 325, 136 , 828, 137 , 286, 137 , 
297, 137 , 657, 137 , 669, 138 , 423, 138 , 758, 138 , 979, 138 
, 985, 139 , 166, 139 , 293, 139 , 611, 139 , 692, 139 , 830, 
140 , 364, 140 , 518, 140 , 709, 141 , 242, 141 , 642, 141 , 
674, 141 , 813, 141 , 861, 142 , 291, 142 , 615, 142 , 695, 142 
, 710, 142 , 739, 143 , 418, 143 , 440, 143 , 549, 143 , 584, 
143 , 914, 144 , 231, 144 , 328, 144 , 572, 144 , 848, 145 , 
323, 145 , 482, 145 , 520, 145 , 831, 145 , 972, 146 , 181, 146 
, 337, 146 , 693, 146 , 991, 147 , 275, 147 , 441, 147 , 614, 
147 , 976, 148 , 283, 148 , 352, 148 , 540, 148 , 709, 148 , 
996, 149 , 409, 149 , 430, 149 , 454, 149 , 739, 150 , 503, 150 
, 545, 150 , 859, 151 , 496, 151 , 546, 151 , 672, 151 , 699, 
152 , 487, 152 , 910, 153 , 171, 153 , 296, 153 , 376, 153 , 
791, 153 , 953, 154 , 542, 154 , 560, 154 , 859, 154 , 955, 155 
, 166, 155 , 380, 155 , 524, 156 , 355, 156 , 565, 156 , 576, 
156 , 652, 156 , 999, 157 , 159, 157 , 333, 157 , 764, 157 , 
846, 157 , 951, 158 , 395, 158 , 494, 158 , 544, 158 , 669, 158 
, 874, 159 , 170, 159 , 289, 159 , 333, 160 , 177, 160 , 226, 
160 , 246, 160 , 771, 160 , 813, 161 , 313, 161 , 447, 161 , 
458, 161 , 513, 161 , 896, 162 , 163, 162 , 217, 162 , 386, 162 
, 716, 162 , 796, 163 , 288, 163 , 303, 163 , 318, 163 , 688, 
164 , 335, 164 , 379, 164 , 436, 164 , 686, 165 , 218, 165 , 
353, 165 , 538, 165 , 886, 165 , 998, 166 , 352, 166 , 369, 166 
, 554, 167 , 344, 167 , 393, 167 , 473, 167 , 506, 167 , 721, 
168 , 316, 168 , 347, 168 , 386, 168 , 542, 169 , 313, 169 , 
410, 169 , 677, 169 , 780, 169 , 905, 170 , 395, 170 , 585, 171 
, 435, 171 , 464, 171 , 989, 172 , 368, 172 , 534, 172 , 568, 
172 , 733, 173 , 359, 173 , 446, 173 , 652, 173 , 940, 174 , 
436, 174 , 604, 174 , 789, 174 , 844, 174 , 929, 175 , 194, 175 
, 691, 175 , 875, 175 , 921, 176 , 287, 176 , 329, 176 , 599, 
176 , 806, 177 , 368, 177 , 582, 177 , 706, 177 , 750, 178 , 
336, 178 , 526, 178 , 675, 178 , 750, 178 , 779, 179 , 203, 179 
, 209, 179 , 241, 179 , 336, 179 , 828, 180 , 183, 180 , 362, 
180 , 557, 180 , 613, 180 , 863, 181 , 266, 181 , 543, 182 , 
208, 182 , 532, 182 , 545, 182 , 567, 183 , 244, 183 , 290, 183 
, 900, 184 , 241, 184 , 504, 184 , 536, 184 , 577, 184 , 676, 
185 , 541, 185 , 765, 185 , 937, 185 , 981, 186 , 298, 186 , 
324, 186 , 713, 186 , 730, 186 , 944, 187 , 290, 187 , 489, 187 
, 594, 187 , 682, 187 , 772, 188 , 342, 188 , 391, 188 , 543, 
188 , 954, 189 , 727, 189 , 740, 189 , 767, 189 , 818, 189 , 
890, 190 , 258, 190 , 322, 190 , 585, 190 , 702, 190 , 918, 191 
, 197, 191 , 274, 191 , 511, 191 , 654, 191 , 817, 192 , 314, 
192 , 463, 192 , 478, 192 , 569, 192 , 578, 193 , 990, 194 , 
327, 194 , 631, 194 , 902, 195 , 210, 195 , 357, 195 , 531, 195 
, 685, 195 , 829, 196 , 263, 196 , 721, 196 , 733, 197 , 861, 
197 , 967, 198 , 415, 198 , 650, 198 , 735, 198 , 790, 199 , 
208, 199 , 307, 199 , 531, 199 , 670, 199 , 876, 200 , 408, 200 
, 554, 200 , 564, 200 , 565, 200 , 932, 201 , 353, 201 , 404, 
201 , 479, 201 , 653, 201 , 738, 202 , 484, 202 , 637, 202 , 
721, 202 , 794, 203 , 336, 203 , 355, 203 , 978, 204 , 404, 204 
, 562, 204 , 584, 204 , 670, 204 , 857, 205 , 294, 205 , 441, 
205 , 553, 205 , 591, 206 , 274, 206 , 358, 206 , 433, 207 , 
215, 207 , 428, 207 , 922, 207 , 949, 208 , 475, 209 , 414, 209 
, 532, 209 , 533, 209 , 561, 210 , 293, 210 , 364, 210 , 399, 
211 , 228, 211 , 295, 211 , 325, 211 , 595, 211 , 982, 212 , 
514, 212 , 788, 212 , 846, 212 , 913, 213 , 221, 213 , 419, 213 
, 461, 213 , 768, 213 , 910, 214 , 243, 214 , 353, 214 , 396, 
214 , 492, 215 , 519, 215 , 712, 215 , 872, 216 , 403, 216 , 
556, 216 , 828, 217 , 466, 217 , 571, 217 , 674, 218 , 263, 218 
, 765, 218 , 1000, 219 , 257, 219 , 840, 219 , 897, 219 , 956, 
219 , 975, 220 , 316, 220 , 411, 220 , 493, 220 , 521, 221 , 
356, 221 , 387, 221 , 580, 221 , 635, 222 , 554, 222 , 582, 222 
, 603, 222 , 975, 223 , 346, 223 , 474, 223 , 887, 224 , 563, 
224 , 626, 224 , 775, 224 , 830, 224 , 922, 225 , 760, 225 , 
847, 225 , 883, 226 , 270, 226 , 415, 226 , 501, 226 , 660, 227 
, 393, 227 , 873, 227 , 884, 227 , 941, 227 , 945, 228 , 244, 
228 , 312, 228 , 560, 228 , 778, 229 , 495, 229 , 735, 229 , 
925, 229 , 934, 230 , 503, 230 , 526, 230 , 798, 230 , 942, 231 
, 922, 231 , 951, 232 , 287, 232 , 386, 232 , 500, 232 , 699, 
232 , 983, 233 , 354, 233 , 574, 233 , 640, 233 , 707, 233 , 
963, 234 , 404, 234 , 552, 234 , 732, 234 , 942, 235 , 256, 235 
, 613, 235 , 629, 235 , 767, 235 , 790, 236 , 258, 236 , 439, 
236 , 745, 236 , 840, 236 , 944, 237 , 354, 237 , 502, 237 , 
773, 237 , 965, 238 , 590, 238 , 664, 238 , 743, 238 , 803, 239 
, 381, 239 , 427, 239 , 626, 239 , 864, 240 , 378, 240 , 421, 
240 , 496, 240 , 754, 240 , 873, 241 , 255, 241 , 671, 242 , 
735, 242 , 921, 243 , 307, 243 , 979, 244 , 851, 244 , 941, 244 
, 999, 245 , 382, 245 , 768, 246 , 429, 246 , 483, 246 , 494, 
246 , 882, 247 , 310, 247 , 315, 247 , 449, 247 , 554, 247 , 
986, 248 , 251, 248 , 466, 248 , 619, 248 , 639, 249 , 330, 249 
, 485, 249 , 567, 250 , 385, 250 , 548, 250 , 727, 250 , 772, 
251 , 518, 251 , 769, 251 , 877, 252 , 309, 252 , 512, 252 , 
672, 252 , 845, 252 , 1000, 253 , 718, 253 , 826, 253 , 841, 253 
, 917, 254 , 492, 254 , 740, 254 , 958, 254 , 977, 255 , 326, 
255 , 361, 255 , 731, 256 , 711, 256 , 940, 256 , 994, 257 , 
348, 257 , 473, 257 , 738, 257 , 835, 258 , 608, 258 , 816, 258 
, 874, 259 , 268, 259 , 406, 259 , 539, 259 , 763, 259 , 954, 
260 , 643, 260 , 692, 260 , 949, 261 , 319, 261 , 343, 261 , 
552, 261 , 661, 262 , 567, 262 , 597, 262 , 661, 262 , 909, 263 
, 716, 263 , 950, 264 , 284, 264 , 321, 264 , 501, 264 , 654, 
264 , 720, 265 , 428, 265 , 464, 265 , 798, 265 , 890, 265 , 
892, 266 , 634, 266 , 646, 266 , 876, 267 , 288, 267 , 601, 267 
, 658, 267 , 841, 267 , 988, 268 , 430, 268 , 441, 269 , 349, 
269 , 400, 269 , 460, 269 , 619, 269 , 834, 270 , 522, 270 , 
592, 270 , 812, 271 , 379, 271 , 405, 271 , 560, 271 , 636, 271 
, 880, 272 , 401, 272 , 974, 273 , 337, 273 , 611, 273 , 894, 
273 , 910, 274 , 533, 274 , 563, 274 , 983, 275 , 361, 275 , 
440, 275 , 639, 276 , 316, 276 , 675, 276 , 680, 276 , 703, 276 
, 739, 277 , 280, 277 , 468, 277 , 708, 277 , 718, 277 , 981, 
278 , 610, 278 , 712, 278 , 902, 278 , 987, 278 , 992, 279 , 
378, 279 , 544, 279 , 642, 280 , 289, 280 , 762, 281 , 727, 281 
, 792, 281 , 797, 281 , 987, 282 , 376, 282 , 569, 282 , 835, 
282 , 984, 282 , 995, 283 , 622, 283 , 683, 283 , 686, 284 , 
292, 284 , 600, 284 , 945, 285 , 560, 285 , 732, 285 , 749, 285 
, 992, 286 , 884, 286 , 942, 287 , 388, 288 , 399, 288 , 870, 
288 , 932, 289 , 305, 289 , 588, 289 , 707, 290 , 311, 290 , 
627, 290 , 699, 291 , 382, 291 , 387, 291 , 582, 292 , 583, 292 
, 805, 292 , 998, 292 , 999, 293 , 392, 293 , 433, 293 , 898, 
294 , 648, 294 , 721, 294 , 778, 295 , 511, 295 , 786, 295 , 
830, 295 , 946, 296 , 471, 296 , 593, 296 , 855, 296 , 938, 297 
, 555, 297 , 754, 297 , 805, 297 , 940, 298 , 402, 298 , 558, 
298 , 631, 298 , 780, 299 , 301, 299 , 555, 299 , 644, 299 , 
674, 300 , 415, 300 , 475, 300 , 751, 300 , 858, 300 , 973, 301 
, 337, 301 , 344, 301 , 541, 301 , 1000, 302 , 407, 302 , 498, 
302 , 755, 302 , 926, 303 , 516, 303 , 625, 303 , 746, 303 , 
890, 304 , 784, 304 , 882, 305 , 398, 305 , 642, 305 , 649, 306 
, 401, 306 , 407, 306 , 507, 306 , 635, 307 , 936, 307 , 952, 
308 , 362, 308 , 577, 308 , 711, 308 , 971, 309 , 339, 309 , 
468, 309 , 794, 310 , 514, 310 , 595, 310 , 917, 311 , 493, 311 
, 494, 311 , 676, 312 , 808, 312 , 842, 312 , 910, 312 , 913, 
313 , 738, 313 , 827, 313 , 890, 314 , 792, 314 , 997, 315 , 
445, 315 , 871, 315 , 892, 315 , 959, 316 , 634, 316 , 990, 317 
, 450, 317 , 485, 317 , 824, 317 , 852, 317 , 894, 318 , 609, 
318 , 630, 318 , 717, 319 , 455, 319 , 690, 319 , 819, 319 , 
974, 320 , 442, 320 , 530, 320 , 726, 320 , 951, 321 , 324, 321 
, 752, 322 , 353, 322 , 449, 322 , 812, 323 , 714, 323 , 728, 
323 , 959, 324 , 715, 324 , 781, 325 , 568, 325 , 825, 326 , 
481, 326 , 830, 326 , 969, 326 , 998, 327 , 497, 327 , 551, 328 
, 469, 328 , 590, 329 , 510, 329 , 660, 329 , 725, 330 , 505, 
330 , 724, 330 , 756, 331 , 339, 331 , 375, 331 , 626, 331 , 
964, 332 , 370, 332 , 384, 332 , 625, 332 , 631, 333 , 517, 333 
, 739, 333 , 803, 334 , 388, 334 , 401, 334 , 460, 334 , 583, 
334 , 712, 335 , 589, 335 , 686, 335 , 814, 335 , 938, 336 , 
492, 336 , 560, 337 , 604, 337 , 969, 338 , 622, 338 , 800, 338 
, 966, 339 , 637, 339 , 657, 339 , 677, 340 , 468, 340 , 511, 
340 , 656, 340 , 744, 341 , 550, 341 , 635, 341 , 714, 341 , 
743, 342 , 443, 342 , 756, 342 , 912, 342 , 930, 343 , 390, 343 
, 489, 343 , 630, 343 , 965, 344 , 346, 344 , 493, 344 , 779, 
345 , 390, 345 , 680, 345 , 773, 345 , 894, 345 , 971, 346 , 
443, 346 , 823, 346 , 945, 347 , 425, 347 , 500, 347 , 883, 347 
, 929, 348 , 356, 348 , 578, 348 , 849, 349 , 362, 349 , 424, 
349 , 456, 349 , 827, 350 , 781, 350 , 787, 350 , 978, 351 , 
443, 351 , 808, 351 , 982, 352 , 361, 352 , 763, 352 , 889, 353 
, 477, 354 , 502, 354 , 648, 354 , 771, 355 , 499, 355 , 632, 
355 , 659, 356 , 428, 356 , 800, 356 , 856, 357 , 437, 357 , 
678, 357 , 877, 358 , 498, 358 , 505, 358 , 667, 358 , 955, 359 
, 543, 359 , 566, 359 , 701, 359 , 927, 360 , 627, 360 , 656, 
360 , 738, 360 , 776, 361 , 586, 362 , 459, 362 , 689, 363 , 
403, 363 , 610, 363 , 754, 363 , 853, 364 , 516, 364 , 779, 364 
, 857, 365 , 505, 365 , 575, 365 , 612, 365 , 680, 365 , 892, 
366 , 381, 366 , 437, 366 , 742, 366 , 781, 366 , 799, 367 , 
484, 367 , 745, 367 , 764, 367 , 866, 367 , 869, 368 , 614, 368 
, 759, 368 , 900, 369 , 869, 369 , 903, 369 , 921, 370 , 496, 
370 , 574, 370 , 801, 370 , 863, 371 , 426, 371 , 557, 371 , 
816, 371 , 908, 371 , 986, 372 , 385, 372 , 666, 372 , 732, 372 
, 840, 373 , 590, 373 , 627, 373 , 837, 374 , 694, 374 , 808, 
374 , 900, 374 , 962, 375 , 850, 375 , 947, 375 , 995, 375 , 
997, 376 , 770, 376 , 836, 377 , 491, 377 , 521, 377 , 567, 377 
, 855, 377 , 963, 378 , 421, 378 , 633, 378 , 986, 379 , 391, 
379 , 537, 379 , 758, 380 , 575, 380 , 689, 380 , 860, 381 , 
694, 381 , 945, 382 , 761, 382 , 814, 382 , 932, 383 , 473, 383 
, 550, 383 , 861, 383 , 915, 383 , 934, 384 , 578, 384 , 595, 
384 , 839, 384 , 856, 385 , 576, 385 , 859, 386 , 783, 386 , 
810, 387 , 458, 387 , 638, 387 , 776, 388 , 428, 388 , 710, 389 
, 445, 389 , 446, 389 , 670, 389 , 972, 390 , 550, 391 , 610, 
391 , 803, 391 , 870, 392 , 534, 392 , 587, 392 , 829, 393 , 
606, 393 , 702, 394 , 551, 394 , 579, 394 , 744, 394 , 880, 394 
, 940, 395 , 849, 396 , 510, 396 , 796, 396 , 948, 397 , 408, 
397 , 667, 397 , 683, 397 , 807, 397 , 952, 398 , 447, 398 , 
706, 398 , 711, 399 , 436, 399 , 491, 399 , 782, 400 , 407, 400 
, 703, 400 , 707, 400 , 748, 401 , 650, 401 , 927, 402 , 481, 
402 , 950, 402 , 997, 403 , 540, 403 , 708, 403 , 778, 404 , 
787, 405 , 416, 405 , 540, 405 , 785, 405 , 983, 406 , 748, 406 
, 998, 407 , 530, 407 , 933, 408 , 873, 408 , 895, 409 , 603, 
409 , 737, 409 , 747, 410 , 495, 410 , 585, 410 , 923, 411 , 
413, 411 , 650, 411 , 722, 411 , 898, 412 , 430, 412 , 628, 412 
, 708, 412 , 715, 412 , 908, 413 , 511, 413 , 718, 413 , 872, 
413 , 996, 414 , 484, 414 , 497, 414 , 520, 414 , 853, 415 , 
655, 415 , 820, 416 , 502, 416 , 562, 416 , 679, 416 , 795, 417 
, 472, 417 , 640, 417 , 809, 417 , 822, 417 , 985, 418 , 579, 
418 , 906, 418 , 907, 418 , 995, 419 , 461, 419 , 749, 419 , 
996, 420 , 600, 420 , 601, 420 , 700, 420 , 845, 421 , 424, 421 
, 878, 422 , 514, 422 , 641, 422 , 652, 422 , 801, 422 , 937, 
423 , 566, 423 , 669, 423 , 929, 424 , 505, 424 , 530, 424 , 
918, 425 , 444, 425 , 460, 425 , 644, 425 , 881, 426 , 598, 426 
, 709, 426 , 990, 427 , 430, 427 , 546, 427 , 710, 427 , 885, 
428 , 581, 429 , 488, 429 , 637, 429 , 880, 430 , 462, 431 , 
533, 431 , 535, 431 , 788, 431 , 804, 432 , 592, 432 , 621, 432 
, 877, 433 , 876, 433 , 976, 434 , 442, 434 , 494, 434 , 496, 
434 , 514, 434 , 620, 435 , 455, 435 , 466, 435 , 519, 435 , 
699, 436 , 642, 436 , 928, 437 , 740, 437 , 752, 437 , 784, 438 
, 598, 438 , 706, 438 , 729, 438 , 746, 439 , 523, 439 , 583, 
439 , 737, 440 , 442, 440 , 972, 441 , 447, 441 , 982, 442 , 
509, 442 , 766, 443 , 678, 444 , 508, 444 , 650, 444 , 802, 445 
, 451, 445 , 834, 446 , 455, 446 , 636, 446 , 814, 447 , 657, 
448 , 478, 448 , 634, 448 , 663, 448 , 951, 449 , 664, 449 , 
772, 449 , 811, 450 , 463, 450 , 742, 450 , 837, 450 , 881, 451 
, 496, 451 , 901, 451 , 961, 452 , 470, 452 , 683, 452 , 889, 
453 , 600, 453 , 612, 453 , 687, 453 , 704, 453 , 757, 454 , 
786, 454 , 853, 455 , 714, 455 , 829, 456 , 588, 456 , 715, 456 
, 941, 457 , 679, 457 , 844, 457 , 954, 457 , 966, 458 , 513, 
458 , 693, 458 , 991, 459 , 531, 459 , 779, 459 , 798, 460 , 
759, 460 , 912, 461 , 623, 461 , 661, 461 , 958, 462 , 673, 462 
, 709, 462 , 848, 462 , 977, 463 , 634, 463 , 687, 463 , 972, 
464 , 875, 464 , 877, 465 , 561, 465 , 767, 465 , 892, 466 , 
517, 466 , 812, 467 , 470, 467 , 747, 467 , 911, 468 , 714, 468 
, 717, 469 , 847, 469 , 857, 469 , 973, 470 , 655, 471 , 472, 
471 , 480, 471 , 610, 471 , 621, 472 , 725, 472 , 829, 472 , 
834, 473 , 798, 474 , 704, 474 , 777, 474 , 978, 475 , 553, 475 
, 613, 476 , 509, 476 , 561, 476 , 741, 477 , 593, 477 , 881, 
478 , 579, 478 , 645, 479 , 706, 479 , 785, 479 , 800, 480 , 
548, 480 , 664, 480 , 784, 480 , 844, 481 , 585, 481 , 799, 481 
, 960, 482 , 842, 482 , 891, 483 , 747, 484 , 623, 484 , 809, 
485 , 671, 485 , 690, 485 , 938, 486 , 664, 486 , 818, 486 , 
942, 486 , 999, 487 , 891, 487 , 928, 487 , 950, 488 , 788, 488 
, 832, 488 , 833, 488 , 904, 489 , 609, 489 , 821, 489 , 964, 
490 , 571, 490 , 746, 490 , 901, 491 , 596, 491 , 870, 491 , 
944, 492 , 823, 492 , 921, 493 , 811, 493 , 864, 495 , 844, 495 
, 971, 497 , 693, 498 , 940, 499 , 515, 499 , 651, 499 , 862, 
500 , 564, 500 , 713, 500 , 736, 501 , 697, 501 , 898, 501 , 
966, 502 , 606, 503 , 525, 503 , 539, 503 , 976, 504 , 580, 504 
, 594, 504 , 752, 505 , 521, 506 , 559, 506 , 816, 506 , 900, 
507 , 615, 507 , 837, 508 , 685, 508 , 865, 508 , 965, 508 , 
994, 509 , 671, 509 , 899, 509 , 929, 510 , 520, 510 , 660, 510 
, 697, 511 , 669, 512 , 666, 512 , 719, 512 , 920, 513 , 729, 
513 , 826, 513 , 879, 514 , 932, 515 , 695, 515 , 760, 515 , 
818, 516 , 953, 517 , 525, 517 , 538, 517 , 733, 518 , 888, 518 
, 920, 519 , 662, 519 , 710, 519 , 782, 520 , 631, 521 , 524, 
521 , 616, 522 , 766, 522 , 907, 523 , 782, 523 , 886, 524 , 
629, 524 , 793, 524 , 963, 525 , 557, 525 , 594, 525 , 632, 526 
, 667, 527 , 721, 527 , 785, 527 , 875, 527 , 914, 527 , 983, 
528 , 750, 528 , 809, 528 , 826, 528 , 871, 529 , 575, 529 , 
692, 529 , 693, 529 , 809, 530 , 600, 530 , 605, 532 , 659, 532 
, 800, 532 , 878, 533 , 683, 533 , 794, 534 , 638, 534 , 653, 
534 , 908, 535 , 686, 535 , 800, 536 , 655, 536 , 975, 537 , 
731, 537 , 803, 538 , 606, 538 , 847, 538 , 997, 539 , 602, 539 
, 651, 540 , 647, 541 , 569, 541 , 573, 541 , 994, 542 , 657, 
542 , 778, 543 , 550, 543 , 582, 544 , 670, 544 , 759, 545 , 
607, 545 , 810, 545 , 983, 546 , 815, 546 , 820, 546 , 999, 547 
, 591, 547 , 635, 547 , 804, 547 , 966, 548 , 775, 548 , 821, 
549 , 658, 549 , 751, 549 , 981, 550 , 920, 551 , 763, 551 , 
914, 552 , 815, 552 , 985, 553 , 713, 553 , 855, 554 , 971, 555 
, 848, 555 , 987, 556 , 845, 556 , 854, 556 , 868, 556 , 892, 
557 , 818, 558 , 719, 558 , 748, 558 , 822, 559 , 674, 559 , 
702, 559 , 770, 561 , 653, 561 , 992, 562 , 654, 562 , 668, 563 
, 645, 563 , 708, 563 , 967, 564 , 569, 565 , 817, 565 , 922, 
566 , 990, 567 , 814, 568 , 623, 568 , 723, 568 , 879, 569 , 
790, 570 , 574, 570 , 728, 570 , 776, 570 , 820, 570 , 954, 571 
, 763, 571 , 956, 572 , 645, 572 , 992, 573 , 595, 573 , 797, 
573 , 815, 573 , 986, 574 , 722, 574 , 852, 575 , 762, 576 , 
662, 576 , 728, 577 , 795, 577 , 888, 578 , 789, 579 , 902, 580 
, 976, 581 , 672, 581 , 749, 581 , 761, 581 , 832, 582 , 607, 
583 , 773, 584 , 679, 584 , 827, 584 , 939, 586 , 621, 586 , 
825, 586 , 836, 586 , 943, 587 , 656, 587 , 704, 587 , 740, 588 
, 591, 588 , 904, 589 , 597, 589 , 754, 589 , 765, 589 , 850, 
590 , 936, 590 , 968, 591 , 893, 591 , 974, 592 , 767, 592 , 
932, 593 , 711, 593 , 860, 593 , 926, 594 , 694, 594 , 906, 595 
, 726, 596 , 671, 596 , 726, 596 , 816, 596 , 863, 597 , 896, 
597 , 977, 598 , 697, 598 , 871, 598 , 889, 599 , 780, 599 , 
968, 600 , 821, 601 , 795, 602 , 819, 602 , 895, 602 , 935, 603 
, 819, 603 , 887, 604 , 835, 605 , 846, 605 , 926, 606 , 613, 
606 , 887, 607 , 718, 607 , 906, 608 , 744, 608 , 822, 609 , 
780, 609 , 784, 609 , 931, 610 , 744, 611 , 691, 611 , 927, 612 
, 634, 612 , 659, 612 , 718, 613 , 970, 614 , 778, 614 , 830, 
614 , 846, 615 , 941, 616 , 682, 616 , 755, 616 , 995, 617 , 
656, 617 , 807, 617 , 913, 617 , 918, 618 , 769, 618 , 964, 618 
, 985, 619 , 794, 619 , 838, 620 , 857, 620 , 862, 621 , 783, 
622 , 750, 622 , 894, 622 , 972, 623 , 846, 623 , 973, 624 , 
774, 624 , 832, 624 , 869, 624 , 944, 625 , 857, 625 , 937, 626 
, 862, 626 , 915, 627 , 891, 627 , 946, 628 , 723, 628 , 901, 
628 , 926, 628 , 933, 629 , 732, 629 , 807, 629 , 851, 630 , 
757, 630 , 850, 631 , 871, 632 , 764, 632 , 984, 632 , 988, 636 
, 883, 637 , 724, 637 , 854, 638 , 909, 638 , 925, 638 , 943, 
639 , 714, 639 , 787, 639 , 919, 640 , 804, 640 , 971, 641 , 
690, 641 , 712, 641 , 925, 641 , 1000, 642 , 948, 643 , 658, 643 
, 850, 643 , 970, 644 , 675, 644 , 704, 645 , 881, 645 , 919, 
646 , 939, 646 , 953, 646 , 959, 646 , 989, 647 , 978, 648 , 
801, 648 , 825, 648 , 849, 649 , 795, 649 , 819, 649 , 843, 650 
, 777, 651 , 652, 651 , 730, 651 , 845, 652 , 979, 653 , 795, 
654 , 980, 655 , 720, 656 , 703, 659 , 880, 660 , 733, 661 , 
663, 662 , 667, 662 , 823, 662 , 870, 663 , 676, 663 , 792, 665 
, 684, 665 , 808, 665 , 880, 665 , 916, 665 , 979, 666 , 856, 
668 , 859, 668 , 909, 672 , 943, 673 , 957, 673 , 976, 674 , 
703, 675 , 929, 676 , 737, 676 , 756, 677 , 766, 677 , 993, 678 
, 828, 678 , 934, 679 , 865, 679 , 961, 680 , 761, 680 , 925, 
681 , 749, 681 , 840, 681 , 851, 681 , 934, 682 , 698, 682 , 
760, 683 , 909, 684 , 685, 684 , 696, 684 , 744, 685 , 970, 686 
, 768, 687 , 722, 687 , 849, 687 , 886, 688 , 731, 688 , 991, 
689 , 713, 689 , 715, 689 , 791, 690 , 806, 690 , 833, 691 , 
781, 692 , 785, 692 , 988, 693 , 973, 694 , 928, 694 , 948, 695 
, 835, 695 , 852, 695 , 891, 696 , 697, 696 , 719, 696 , 817, 
696 , 863, 697 , 906, 698 , 742, 698 , 831, 698 , 958, 699 , 
765, 700 , 735, 700 , 914, 700 , 935, 701 , 812, 701 , 832, 701 
, 930, 702 , 982, 703 , 879, 705 , 723, 705 , 867, 705 , 916, 
705 , 967, 706 , 874, 707 , 832, 708 , 733, 711 , 770, 712 , 
903, 713 , 894, 716 , 819, 716 , 878, 716 , 946, 717 , 724, 720 
, 852, 720 , 980, 720 , 993, 723 , 854, 724 , 897, 725 , 883, 
725 , 915, 725 , 967, 726 , 764, 729 , 878, 729 , 974, 730 , 
794, 730 , 804, 730 , 876, 731 , 854, 734 , 866, 734 , 960, 736 
, 781, 736 , 796, 736 , 825, 736 , 924, 737 , 867, 738 , 824, 
741 , 818, 741 , 930, 742 , 887, 743 , 928, 745 , 917, 746 , 
895, 746 , 916, 747 , 888, 748 , 802, 748 , 924, 750 , 918, 751 
, 752, 751 , 863, 752 , 951, 753 , 755, 753 , 833, 753 , 883, 
755 , 848, 755 , 959, 756 , 812, 756 , 933, 757 , 802, 757 , 
904, 758 , 989, 759 , 820, 759 , 865, 760 , 858, 761 , 931, 762 
, 780, 762 , 927, 762 , 928, 763 , 882, 765 , 824, 766 , 864, 
766 , 885, 767 , 803, 768 , 836, 769 , 945, 770 , 853, 771 , 
783, 771 , 828, 771 , 843, 772 , 957, 772 , 991, 773 , 938, 773 
, 970, 774 , 793, 774 , 865, 774 , 902, 775 , 789, 775 , 912, 
775 , 916, 776 , 813, 776 , 889, 777 , 948, 779 , 958, 782 , 
935, 782 , 973, 783 , 888, 784 , 939, 786 , 913, 787 , 872, 787 
, 890, 788 , 839, 790 , 807, 790 , 947, 791 , 841, 791 , 950, 
792 , 851, 792 , 988, 793 , 813, 793 , 822, 793 , 868, 796 , 
879, 797 , 878, 797 , 949, 798 , 920, 801 , 936, 801 , 989, 802 
, 817, 802 , 852, 804 , 876, 805 , 806, 805 , 820, 805 , 946, 
806 , 959, 807 , 956, 809 , 923, 810 , 856, 810 , 919, 811 , 
851, 811 , 962, 814 , 937, 817 , 862, 821 , 923, 822 , 823, 824 
, 835, 824 , 901, 825 , 921, 826 , 948, 827 , 970, 829 , 968, 
831 , 868, 831 , 907, 834 , 858, 836 , 924, 837 , 840, 837 , 
984, 838 , 839, 838 , 908, 838 , 923, 839 , 861, 842 , 919, 842 
, 941, 843 , 977, 845 , 934, 847 , 872, 847 , 931, 848 , 885, 
849 , 957, 853 , 907, 854 , 917, 859 , 912, 860 , 869, 860 , 
937, 866 , 869, 866 , 994, 866 , 1000, 867 , 977, 867 , 978, 868 
, 903, 868 , 939, 870 , 871, 872 , 997, 873 , 884, 875 , 884, 
881 , 939, 882 , 885, 882 , 993, 884 , 920, 886 , 915, 888 , 
916, 889 , 896, 891 , 936, 893 , 985, 895 , 930, 896 , 953, 896 
, 969, 897 , 969, 897 , 975, 898 , 907, 898 , 952, 899 , 911, 
899 , 990, 900 , 926, 901 , 994, 904 , 980, 905 , 947, 905 , 
963, 909 , 915, 912 , 944, 913 , 955, 922 , 964, 923 , 957, 924 
, 956, 925 , 943, 935 , 957, 943 , 979, 947 , 988, 949 , 962, 
950 , 981, 965 , 995, 968 , 974