1 , 19, 1 , 92, 1 , 102, 1 , 117, 1 , 142, 1 , 202, 1 , 226, 1 
, 250, 2 , 43, 2 , 73, 2 , 127, 2 , 150, 2 , 169, 2 , 178, 2 
, 231, 2 , 241, 3 , 12, 3 , 34, 3 , 48, 3 , 133, 3 , 151, 3 , 
167, 3 , 180, 3 , 181, 4 , 8, 4 , 22, 4 , 67, 4 , 93, 4 , 129, 
4 , 134, 4 , 137, 4 , 142, 5 , 19, 5 , 26, 5 , 28, 5 , 61, 5 
, 62, 5 , 98, 5 , 134, 5 , 153, 6 , 12, 6 , 55, 6 , 75, 6 , 
86, 6 , 91, 6 , 97, 6 , 151, 6 , 202, 7 , 18, 7 , 61, 7 , 67, 
7 , 76, 7 , 140, 7 , 203, 7 , 209, 7 , 250, 8 , 62, 8 , 65, 8 
, 76, 8 , 82, 8 , 122, 8 , 148, 8 , 216, 9 , 37, 9 , 61, 9 , 
90, 9 , 108, 9 , 160, 9 , 162, 9 , 195, 9 , 225, 10 , 87, 10 , 
91, 10 , 95, 10 , 133, 10 , 135, 10 , 147, 10 , 177, 10 , 189, 
11 , 97, 11 , 99, 11 , 114, 11 , 121, 11 , 143, 11 , 154, 11 , 
157, 11 , 176, 12 , 60, 12 , 90, 12 , 141, 12 , 191, 12 , 237, 
12 , 244, 13 , 24, 13 , 74, 13 , 82, 13 , 111, 13 , 154, 13 , 
157, 13 , 200, 13 , 224, 14 , 85, 14 , 99, 14 , 113, 14 , 130, 
14 , 149, 14 , 170, 14 , 197, 14 , 239, 15 , 32, 15 , 33, 15 , 
59, 15 , 62, 15 , 102, 15 , 170, 15 , 207, 15 , 208, 16 , 45, 
16 , 52, 16 , 56, 16 , 74, 16 , 79, 16 , 98, 16 , 158, 16 , 
206, 17 , 43, 17 , 60, 17 , 93, 17 , 99, 17 , 108, 17 , 149, 17 
, 161, 17 , 218, 18 , 23, 18 , 46, 18 , 67, 18 , 111, 18 , 
131, 18 , 137, 18 , 147, 19 , 75, 19 , 92, 19 , 163, 19 , 205, 
19 , 212, 19 , 221, 20 , 49, 20 , 73, 20 , 80, 20 , 126, 20 , 
127, 20 , 186, 20 , 191, 20 , 231, 21 , 22, 21 , 34, 21 , 84, 
21 , 149, 21 , 179, 21 , 192, 21 , 198, 21 , 239, 22 , 94, 22 
, 121, 22 , 201, 22 , 217, 22 , 218, 22 , 230, 23 , 38, 23 , 
40, 23 , 69, 23 , 76, 23 , 121, 23 , 238, 23 , 250, 24 , 57, 24 
, 82, 24 , 95, 24 , 134, 24 , 199, 24 , 233, 24 , 244, 25 , 
100, 25 , 104, 25 , 142, 25 , 154, 25 , 174, 25 , 182, 25 , 
192, 25 , 242, 26 , 39, 26 , 102, 26 , 104, 26 , 167, 26 , 172, 
26 , 220, 26 , 250, 27 , 64, 27 , 85, 27 , 87, 27 , 101, 27 , 
165, 27 , 174, 27 , 193, 27 , 216, 28 , 39, 28 , 83, 28 , 119, 
28 , 148, 28 , 189, 28 , 220, 28 , 245, 29 , 60, 29 , 68, 29 , 
109, 29 , 113, 29 , 118, 29 , 137, 29 , 160, 29 , 219, 30 , 37, 
30 , 51, 30 , 57, 30 , 69, 30 , 138, 30 , 173, 30 , 192, 30 , 
242, 31 , 65, 31 , 105, 31 , 106, 31 , 115, 31 , 124, 31 , 148, 
31 , 157, 31 , 224, 32 , 61, 32 , 86, 32 , 114, 32 , 130, 32 , 
167, 32 , 234, 32 , 248, 33 , 90, 33 , 127, 33 , 132, 33 , 200, 
33 , 202, 33 , 208, 33 , 229, 34 , 58, 34 , 75, 34 , 105, 34 , 
186, 34 , 195, 34 , 249, 35 , 58, 35 , 90, 35 , 112, 35 , 145, 
35 , 148, 35 , 177, 35 , 236, 35 , 244, 36 , 41, 36 , 47, 36 , 
66, 36 , 109, 36 , 169, 36 , 172, 36 , 192, 36 , 237, 37 , 53, 
37 , 111, 37 , 118, 37 , 151, 37 , 159, 37 , 180, 38 , 50, 38 
, 52, 38 , 92, 38 , 94, 38 , 100, 38 , 196, 38 , 232, 39 , 79, 
39 , 138, 39 , 166, 39 , 206, 39 , 237, 39 , 238, 40 , 60, 40 
, 63, 40 , 92, 40 , 117, 40 , 126, 40 , 231, 40 , 241, 41 , 
70, 41 , 89, 41 , 107, 41 , 194, 41 , 200, 41 , 221, 41 , 235, 
42 , 55, 42 , 57, 42 , 74, 42 , 103, 42 , 113, 42 , 119, 42 , 
175, 42 , 201, 43 , 73, 43 , 75, 43 , 87, 43 , 171, 43 , 203, 
43 , 213, 44 , 54, 44 , 93, 44 , 178, 44 , 186, 44 , 208, 44 , 
216, 44 , 239, 44 , 246, 45 , 97, 45 , 104, 45 , 146, 45 , 191, 
45 , 194, 45 , 206, 45 , 235, 46 , 99, 46 , 104, 46 , 108, 46 
, 118, 46 , 192, 46 , 196, 46 , 204, 47 , 82, 47 , 97, 47 , 
107, 47 , 144, 47 , 150, 47 , 151, 47 , 166, 48 , 86, 48 , 89, 
48 , 141, 48 , 169, 48 , 185, 48 , 186, 48 , 248, 49 , 74, 49 
, 143, 49 , 158, 49 , 168, 49 , 183, 49 , 191, 49 , 226, 50 , 
66, 50 , 103, 50 , 136, 50 , 137, 50 , 163, 50 , 180, 50 , 232, 
51 , 58, 51 , 87, 51 , 109, 51 , 159, 51 , 196, 51 , 204, 51 , 
209, 52 , 60, 52 , 109, 52 , 166, 52 , 184, 52 , 194, 52 , 222, 
53 , 140, 53 , 170, 53 , 177, 53 , 202, 53 , 210, 53 , 215, 53 
, 239, 54 , 65, 54 , 79, 54 , 94, 54 , 96, 54 , 193, 54 , 210, 
54 , 217, 55 , 85, 55 , 120, 55 , 151, 55 , 173, 55 , 231, 55 
, 239, 56 , 86, 56 , 125, 56 , 133, 56 , 136, 56 , 176, 56 , 
185, 56 , 223, 57 , 65, 57 , 170, 57 , 181, 57 , 228, 57 , 249, 
58 , 78, 58 , 95, 58 , 116, 58 , 129, 58 , 197, 59 , 69, 59 , 
86, 59 , 131, 59 , 146, 59 , 154, 59 , 198, 59 , 228, 60 , 98, 
60 , 136, 60 , 213, 61 , 117, 61 , 176, 61 , 189, 61 , 249, 62 
, 86, 62 , 120, 62 , 150, 62 , 216, 62 , 233, 63 , 118, 63 , 
140, 63 , 212, 63 , 213, 63 , 215, 63 , 218, 63 , 249, 64 , 84, 
64 , 157, 64 , 163, 64 , 168, 64 , 182, 64 , 227, 64 , 247, 65 
, 157, 65 , 181, 65 , 188, 65 , 222, 66 , 96, 66 , 112, 66 , 
173, 66 , 178, 66 , 184, 66 , 199, 67 , 86, 67 , 125, 67 , 172, 
67 , 214, 67 , 235, 68 , 76, 68 , 83, 68 , 122, 68 , 153, 68 , 
212, 68 , 246, 68 , 247, 69 , 145, 69 , 163, 69 , 204, 69 , 
216, 69 , 245, 70 , 133, 70 , 134, 70 , 143, 70 , 149, 70 , 
184, 70 , 205, 70 , 238, 71 , 74, 71 , 78, 71 , 98, 71 , 103, 
71 , 116, 71 , 124, 71 , 136, 71 , 237, 72 , 91, 72 , 121, 72 
, 135, 72 , 171, 72 , 182, 72 , 204, 72 , 217, 72 , 220, 73 , 
95, 73 , 142, 73 , 156, 73 , 202, 73 , 227, 74 , 139, 74 , 163, 
74 , 213, 75 , 77, 75 , 139, 75 , 189, 75 , 208, 76 , 125, 76 
, 141, 76 , 154, 76 , 248, 77 , 79, 77 , 85, 77 , 88, 77 , 99, 
77 , 129, 77 , 226, 77 , 246, 78 , 110, 78 , 116, 78 , 152, 78 
, 182, 78 , 202, 78 , 229, 79 , 131, 79 , 144, 79 , 161, 79 , 
167, 80 , 109, 80 , 110, 80 , 129, 80 , 152, 80 , 165, 80 , 
210, 80 , 247, 81 , 105, 81 , 108, 81 , 130, 81 , 159, 81 , 
162, 81 , 168, 81 , 226, 81 , 245, 82 , 115, 82 , 132, 82 , 
185, 82 , 222, 83 , 97, 83 , 123, 83 , 147, 83 , 188, 83 , 196, 
83 , 229, 84 , 88, 84 , 148, 84 , 152, 84 , 157, 84 , 158, 84 
, 207, 85 , 187, 85 , 201, 85 , 225, 85 , 230, 86 , 98, 87 , 
99, 87 , 138, 87 , 155, 87 , 191, 88 , 111, 88 , 116, 88 , 135, 
88 , 178, 88 , 188, 88 , 220, 89 , 140, 89 , 201, 89 , 220, 89 
, 231, 89 , 236, 89 , 243, 90 , 123, 90 , 155, 90 , 168, 90 , 
170, 91 , 121, 91 , 124, 91 , 155, 91 , 190, 91 , 193, 92 , 
145, 92 , 174, 92 , 194, 92 , 245, 93 , 154, 93 , 173, 93 , 
211, 93 , 225, 93 , 250, 94 , 138, 94 , 163, 94 , 181, 94 , 
205, 94 , 223, 95 , 169, 95 , 204, 95 , 228, 95 , 235, 96 , 
116, 96 , 127, 96 , 191, 96 , 219, 96 , 234, 96 , 235, 97 , 
102, 97 , 155, 97 , 228, 98 , 163, 98 , 215, 98 , 234, 99 , 
125, 99 , 172, 100 , 103, 100 , 107, 100 , 121, 100 , 156, 100 
, 206, 100 , 240, 101 , 105, 101 , 128, 101 , 190, 101 , 237, 
101 , 243, 101 , 244, 101 , 249, 102 , 116, 102 , 168, 102 , 
224, 102 , 238, 103 , 177, 103 , 179, 103 , 195, 103 , 221, 104 
, 143, 104 , 144, 104 , 237, 104 , 241, 105 , 120, 105 , 166, 
105 , 176, 105 , 232, 106 , 130, 106 , 137, 106 , 196, 106 , 
208, 106 , 232, 106 , 236, 106 , 239, 107 , 136, 107 , 142, 107 
, 187, 107 , 203, 107 , 243, 108 , 162, 108 , 166, 108 , 189, 
108 , 229, 109 , 154, 109 , 192, 109 , 247, 110 , 113, 110 , 
141, 110 , 171, 110 , 172, 110 , 179, 110 , 183, 111 , 122, 111 
, 149, 111 , 169, 111 , 233, 112 , 122, 112 , 152, 112 , 159, 
112 , 161, 112 , 190, 112 , 233, 113 , 114, 113 , 125, 113 , 
135, 113 , 226, 114 , 161, 114 , 171, 114 , 189, 114 , 190, 114 
, 247, 115 , 136, 115 , 139, 115 , 164, 115 , 196, 115 , 203, 
115 , 223, 116 , 194, 116 , 222, 117 , 147, 117 , 156, 117 , 
169, 117 , 205, 117 , 217, 118 , 123, 118 , 138, 118 , 175, 118 
, 180, 119 , 157, 119 , 160, 119 , 177, 119 , 198, 119 , 199, 
119 , 242, 120 , 160, 120 , 173, 120 , 178, 120 , 182, 120 , 
203, 121 , 214, 121 , 246, 122 , 221, 122 , 241, 122 , 245, 122 
, 249, 123 , 132, 123 , 150, 123 , 180, 123 , 223, 123 , 238, 
124 , 136, 124 , 158, 124 , 214, 124 , 217, 124 , 242, 125 , 
178, 125 , 215, 125 , 243, 126 , 153, 126 , 161, 126 , 165, 126 
, 176, 126 , 188, 126 , 230, 127 , 144, 127 , 184, 127 , 198, 
127 , 218, 128 , 164, 128 , 181, 128 , 195, 128 , 197, 128 , 
198, 128 , 221, 128 , 243, 129 , 166, 129 , 173, 129 , 204, 129 
, 245, 130 , 179, 130 , 206, 130 , 222, 130 , 233, 131 , 155, 
131 , 182, 131 , 213, 131 , 235, 131 , 241, 132 , 146, 132 , 
213, 132 , 216, 132 , 225, 132 , 236, 133 , 151, 133 , 207, 133 
, 213, 133 , 244, 134 , 176, 134 , 187, 134 , 202, 134 , 248, 
135 , 168, 135 , 175, 135 , 201, 135 , 248, 136 , 201, 137 , 
149, 137 , 234, 137 , 236, 138 , 145, 138 , 158, 138 , 203, 139 
, 156, 139 , 162, 139 , 169, 139 , 210, 139 , 238, 140 , 147, 
140 , 154, 140 , 192, 140 , 211, 141 , 164, 141 , 179, 141 , 
202, 141 , 250, 142 , 163, 142 , 164, 142 , 207, 143 , 153, 143 
, 184, 143 , 215, 143 , 230, 144 , 201, 144 , 205, 144 , 209, 
144 , 212, 145 , 183, 145 , 207, 145 , 222, 145 , 248, 146 , 
156, 146 , 171, 146 , 199, 146 , 217, 146 , 224, 147 , 160, 147 
, 176, 147 , 181, 148 , 161, 148 , 197, 148 , 222, 149 , 165, 
149 , 217, 150 , 155, 150 , 171, 150 , 199, 150 , 244, 151 , 
206, 151 , 236, 152 , 170, 152 , 205, 152 , 216, 152 , 226, 153 
, 175, 153 , 179, 153 , 192, 153 , 234, 155 , 199, 155 , 241, 
156 , 180, 156 , 197, 156 , 211, 157 , 210, 158 , 190, 158 , 
193, 158 , 248, 159 , 168, 159 , 191, 159 , 197, 159 , 227, 160 
, 187, 160 , 227, 160 , 229, 161 , 203, 161 , 240, 162 , 193, 
162 , 209, 162 , 221, 162 , 233, 164 , 189, 164 , 194, 164 , 
239, 164 , 246, 165 , 180, 165 , 187, 165 , 197, 165 , 235, 166 
, 206, 166 , 230, 167 , 187, 167 , 198, 167 , 214, 167 , 228, 
168 , 248, 169 , 223, 170 , 232, 170 , 244, 171 , 186, 171 , 
236, 172 , 177, 172 , 188, 172 , 221, 173 , 194, 173 , 233, 174 
, 184, 174 , 229, 174 , 230, 174 , 238, 174 , 242, 175 , 185, 
175 , 208, 175 , 220, 175 , 243, 176 , 179, 177 , 214, 177 , 
215, 178 , 210, 178 , 218, 179 , 229, 180 , 232, 181 , 200, 181 
, 218, 182 , 214, 182 , 216, 183 , 185, 183 , 186, 183 , 215, 
183 , 219, 183 , 234, 184 , 210, 184 , 244, 185 , 193, 185 , 
196, 185 , 232, 186 , 224, 186 , 245, 187 , 225, 187 , 229, 188 
, 199, 188 , 204, 188 , 207, 189 , 211, 190 , 219, 190 , 224, 
190 , 230, 191 , 246, 193 , 203, 193 , 211, 194 , 241, 195 , 
201, 195 , 205, 195 , 207, 195 , 209, 196 , 234, 197 , 209, 198 
, 199, 198 , 219, 200 , 205, 200 , 209, 200 , 219, 200 , 227, 
204 , 223, 206 , 240, 207 , 212, 208 , 240, 208 , 243, 209 , 
237, 210 , 250, 211 , 217, 211 , 237, 211 , 240, 212 , 215, 212 
, 247, 212 , 250, 213 , 232, 214 , 239, 214 , 243, 218 , 228, 
218 , 249, 219 , 225, 219 , 247, 220 , 228, 220 , 235, 221 , 
226, 222 , 233, 223 , 246, 223 , 247, 224 , 240, 224 , 241, 225 
, 226, 225 , 234, 227 , 231, 227 , 240, 227 , 246, 228 , 238, 
230 , 242, 231 , 240, 231 , 242, 236 , 242, 245 , 249