1 , 19, 1 , 41, 1 , 54, 1 , 79, 1 , 97, 1 , 98, 2 , 13, 2 , 
21, 2 , 43, 2 , 45, 2 , 86, 2 , 89, 3 , 6, 3 , 8, 3 , 26, 3 , 
32, 3 , 53, 3 , 92, 4 , 29, 4 , 39, 4 , 56, 4 , 74, 4 , 83, 4 
, 88, 5 , 31, 5 , 39, 5 , 57, 5 , 75, 5 , 78, 5 , 98, 6 , 12, 
6 , 28, 6 , 50, 6 , 69, 6 , 86, 7 , 10, 7 , 12, 7 , 23, 7 , 
39, 7 , 66, 7 , 82, 8 , 25, 8 , 28, 8 , 64, 8 , 81, 8 , 95, 9 
, 13, 9 , 23, 9 , 55, 9 , 59, 9 , 87, 9 , 97, 10 , 20, 10 , 
34, 10 , 36, 10 , 48, 10 , 86, 11 , 18, 11 , 34, 11 , 35, 11 , 
66, 11 , 75, 11 , 80, 12 , 67, 12 , 71, 12 , 79, 12 , 81, 13 , 
39, 13 , 63, 13 , 74, 13 , 92, 14 , 16, 14 , 32, 14 , 33, 14 , 
47, 14 , 62, 14 , 93, 15 , 20, 15 , 25, 15 , 33, 15 , 37, 15 , 
40, 15 , 59, 16 , 47, 16 , 52, 16 , 70, 16 , 87, 16 , 98, 17 , 
48, 17 , 59, 17 , 73, 17 , 90, 17 , 93, 17 , 99, 18 , 38, 18 , 
44, 18 , 57, 18 , 77, 18 , 78, 19 , 51, 19 , 52, 19 , 85, 19 , 
88, 19 , 89, 20 , 71, 20 , 83, 20 , 93, 20 , 99, 21 , 45, 21 , 
46, 21 , 49, 21 , 68, 21 , 72, 22 , 30, 22 , 40, 22 , 60, 22 , 
68, 22 , 72, 22 , 76, 23 , 45, 23 , 60, 23 , 69, 23 , 98, 24 , 
26, 24 , 29, 24 , 30, 24 , 39, 24 , 42, 24 , 89, 25 , 29, 25 , 
31, 25 , 83, 25 , 87, 26 , 47, 26 , 57, 26 , 66, 26 , 75, 27 , 
35, 27 , 55, 27 , 68, 27 , 81, 27 , 93, 27 , 100, 28 , 53, 28 
, 62, 28 , 64, 28 , 97, 29 , 42, 29 , 43, 29 , 99, 30 , 47, 30 
, 71, 30 , 73, 30 , 84, 31 , 47, 31 , 74, 31 , 83, 31 , 99, 32 
, 49, 32 , 56, 32 , 89, 32 , 97, 33 , 57, 33 , 90, 33 , 95, 33 
, 100, 34 , 59, 34 , 64, 34 , 66, 34 , 83, 35 , 51, 35 , 57, 
35 , 79, 35 , 85, 36 , 39, 36 , 58, 36 , 65, 36 , 72, 36 , 84, 
37 , 41, 37 , 54, 37 , 58, 37 , 86, 37 , 90, 38 , 63, 38 , 84, 
38 , 88, 38 , 92, 38 , 95, 40 , 60, 40 , 63, 40 , 83, 40 , 90, 
41 , 52, 41 , 74, 41 , 84, 41 , 95, 42 , 56, 42 , 72, 42 , 88, 
42 , 96, 43 , 61, 43 , 73, 43 , 82, 43 , 84, 44 , 47, 44 , 55, 
44 , 62, 44 , 70, 44 , 97, 45 , 56, 45 , 71, 45 , 78, 46 , 49, 
46 , 51, 46 , 67, 46 , 85, 46 , 94, 48 , 65, 48 , 67, 48 , 80, 
48 , 88, 49 , 61, 49 , 64, 49 , 75, 50 , 89, 50 , 91, 50 , 94, 
50 , 95, 50 , 98, 51 , 55, 51 , 69, 51 , 86, 52 , 67, 52 , 68, 
52 , 70, 53 , 65, 53 , 85, 53 , 87, 53 , 96, 54 , 55, 54 , 72, 
54 , 79, 54 , 81, 55 , 74, 56 , 61, 56 , 66, 57 , 66, 58 , 61, 
58 , 70, 58 , 96, 58 , 100, 59 , 73, 59 , 91, 60 , 63, 60 , 
77, 60 , 94, 61 , 78, 61 , 85, 62 , 80, 62 , 93, 62 , 94, 63 , 
68, 63 , 87, 64 , 91, 64 , 95, 65 , 86, 65 , 92, 65 , 96, 67 , 
89, 67 , 90, 68 , 96, 69 , 70, 69 , 75, 69 , 82, 70 , 97, 71 , 
77, 71 , 78, 72 , 73, 73 , 82, 74 , 82, 75 , 90, 76 , 77, 76 , 
80, 76 , 84, 76 , 88, 76 , 91, 77 , 87, 77 , 100, 78 , 92, 79 
, 80, 79 , 93, 80 , 94, 81 , 82, 81 , 98, 85 , 100, 91 , 92, 
91 , 94, 96 , 99, 99 , 100